Orbit    Starting M8    Best M8    Improvement    Residual    W4 residual
---------------------------------------------------------------------------
0006     11181          11181      0              5           3
0002     11179          11179      0              7           0
0012     11179          11179      0              7           0
0023     11179          11179      0              7           0
0031     11179          11179      0              7           0
0036     11179          11179      0              7           0
0040     11179          11179      0              7           0

Global best after 3-opt: orbit 0006, M_8 = 11181 / 11186
