STAGE 1 -- all inequivalent 3 x weight-8 classes

raw solutions 10341, inequivalent classes 1057

idx    |U_3|     minwt   raw        column-type counts
0      11186     8       7          2 0 0 0 2 2 2 2 4 0 0 0 0 0 0 
1      11186     8       28         3 0 0 1 0 1 1 2 2 2 2 0 0 0 0 
2      11186     8       1          0 2 2 2 2 2 2 2 0 0 0 0 0 0 0 
3      11186     8       21         2 0 1 1 1 1 2 2 2 2 0 0 0 0 0 
4      11186     8       7          2 1 1 1 1 1 1 2 1 1 1 1 0 0 0 
5      11186     8       7          4 0 0 0 0 0 0 2 2 2 2 2 0 0 0 
6      11186     8       28         3 0 0 0 1 1 1 2 3 1 1 1 0 0 0 
7      11186     8       21         4 0 0 0 0 0 1 1 2 2 1 1 1 1 0 
8      11186     8       21         3 0 0 1 1 1 1 1 2 1 1 0 0 1 1 
9      11186     8       7          1 1 1 1 2 2 2 2 2 0 0 0 0 0 0 
10     11206     8       24         2 0 0 0 1 1 2 2 0 2 1 1 1 1 0 
11     11206     8       24         0 0 1 1 2 2 3 3 0 2 0 0 0 0 0 
12     11206     8       16         2 0 0 0 0 2 2 2 0 2 2 0 2 0 0 
13     11206     8       48         1 0 0 1 1 2 2 3 0 2 2 0 0 0 0 
14     11206     8       4          0 0 0 0 3 3 3 3 2 0 0 0 0 0 0 
15     11206     8       16         1 0 0 0 2 2 2 3 1 1 1 1 0 0 0 
16     11206     8       16         2 0 0 0 1 1 1 3 0 2 2 2 0 0 0 
17     11206     8       12         1 0 0 1 2 2 2 2 0 1 1 0 0 1 1 
18     11226     8       12         2 0 0 0 0 0 0 4 0 0 4 4 0 0 0 
19     11226     8       24         0 0 0 2 1 1 3 3 0 0 2 0 0 2 0 
20     11226     8       6          0 0 1 1 1 1 3 3 0 0 1 1 1 1 0 
21     11226     8       12         0 0 1 1 1 1 2 4 0 0 2 2 0 0 0 
22     11226     8       6          2 0 0 0 0 0 2 2 0 0 2 2 2 2 0 
23     11226     8       24         1 0 0 1 0 1 1 4 0 0 4 2 0 0 0 
24     11226     8       24         1 0 0 1 0 1 2 3 0 0 3 1 1 1 0 
25     11226     8       24         1 0 0 1 0 1 3 2 0 0 2 0 2 2 0 
26     11226     8       12         2 0 0 0 0 0 1 3 0 0 3 3 1 1 0 
27     11226     8       24         0 0 0 2 0 2 2 4 0 0 4 0 0 0 0 
28     11246     8       9          0 0 0 1 1 1 1 4 1 0 0 3 0 1 1 
29     11246     8       9          1 0 0 0 0 1 1 3 1 0 0 3 2 1 1 
30     11246     8       9          0 0 0 2 1 1 1 3 0 0 0 2 0 2 2 
31     11246     8       9          0 0 0 0 0 2 2 4 2 0 0 2 2 0 0 
32     11246     8       3          0 0 0 1 0 1 1 5 1 1 1 3 0 0 0 
33     11246     8       9          0 0 0 1 0 1 2 4 1 1 0 2 1 1 0 
34     11246     8       3          1 0 0 1 0 1 1 2 0 0 0 2 2 2 2 
35     11246     8       9          0 0 0 4 1 1 1 1 2 0 0 0 0 0 4 
36     11246     8       3          0 0 0 0 1 1 1 5 6 0 0 0 0 0 0 
37     11246     8       3          0 0 0 2 0 2 2 2 0 0 0 0 2 2 2 
38     11246     8       9          1 0 0 0 0 0 1 4 1 1 0 4 1 1 0 
39     11246     8       9          1 0 0 0 0 0 1 4 1 5 0 0 1 1 0 
40     11246     8       9          1 0 0 1 0 1 3 0 0 0 2 0 0 4 2 
41     11246     8       9          0 0 0 1 0 2 2 3 1 0 0 1 2 1 1 
42     11246     8       9          0 0 0 0 1 1 1 5 2 0 0 4 0 0 0 
43     11246     8       3          1 0 0 0 0 0 0 5 1 1 1 5 0 0 0 
44     11246     8       3          2 0 0 0 0 0 0 2 0 0 0 4 2 2 2 
45     11248     8       48         3 0 0 1 0 1 1 1 0 2 2 0 1 1 1 
46     11248     8       48         2 0 0 1 1 1 2 2 3 0 1 0 0 1 0 
47     11248     8       12         1 0 1 1 2 2 2 2 1 1 0 0 0 0 1 
48     11248     8       4          3 0 0 0 1 1 1 1 1 1 1 1 1 1 1 
49     11248     8       48         2 0 1 1 1 1 1 2 0 2 1 1 0 0 1 
50     11248     8       48         3 0 0 0 0 1 1 2 1 2 2 1 1 0 0 
51     11248     8       96         3 0 0 0 0 1 1 2 3 0 2 1 1 0 0 
52     11248     8       16         1 1 1 1 1 2 2 2 0 1 1 0 1 0 0 
53     11248     8       16         2 0 0 0 1 2 2 2 2 1 1 0 1 0 0 
54     11248     8       16         4 0 0 0 0 0 0 1 0 2 2 2 1 1 1 
55     11248     8       48         2 0 0 1 1 1 2 2 1 2 1 0 0 1 0 
56     11266     8       1          1 0 0 0 0 1 1 1 1 0 0 3 0 3 3 
57     11266     8       3          0 0 0 2 0 2 2 0 0 0 0 0 0 4 4 
58     11266     8       3          0 0 0 1 0 2 2 1 1 0 0 1 0 3 3 
59     11266     8       3          1 0 0 1 0 1 1 0 0 0 0 2 0 4 4 
60     11266     8       3          0 0 0 2 1 1 1 1 0 0 0 2 2 0 4 
61     11266     8       1          0 0 0 0 0 2 2 2 2 0 0 2 0 2 2 
62     11266     8       1          2 0 0 0 0 0 0 0 0 0 0 4 0 4 4 
63     11268     8       48         1 0 0 0 1 2 2 3 1 0 2 1 1 0 0 
64     11268     8       48         2 0 0 0 0 1 2 2 0 3 0 1 2 1 0 
65     11268     8       24         0 0 1 1 1 2 3 3 0 1 1 0 1 0 0 
66     11268     8       48         1 0 0 1 1 1 2 3 0 1 2 1 0 1 0 
67     11268     8       48         1 0 0 1 1 1 2 3 0 3 0 1 0 1 0 
68     11268     8       48         2 0 0 0 0 1 1 3 0 1 3 2 1 0 0 
69     11268     8       24         2 0 0 0 0 1 1 3 0 3 3 0 1 0 0 
70     11268     8       24         0 0 0 1 2 2 3 3 1 0 1 0 0 1 0 
71     11268     8       24         2 0 0 0 1 1 1 2 0 0 2 2 1 1 1 
72     11268     8       24         0 0 1 1 2 2 2 3 0 0 1 1 0 0 1 
73     11268     8       48         1 0 0 1 1 2 2 2 0 0 2 0 1 1 1 
74     11268     8       48         1 0 0 1 0 2 2 3 0 1 3 0 1 0 0 
75     11268     8       24         2 0 0 0 0 1 2 2 0 1 2 1 2 1 0 
76     11276     6       48         3 0 0 1 1 1 1 2 2 1 1 0 1 0 0 
77     11276     6       24         3 0 0 0 1 1 2 2 3 1 0 0 0 0 1 
78     11276     6       16         4 0 0 0 0 1 1 1 4 1 1 0 1 0 0 
79     11276     6       12         2 1 1 1 1 1 2 2 1 1 0 0 0 0 1 
80     11276     6       24         4 0 0 0 0 0 1 2 2 2 1 1 0 0 1 
81     11276     6       4          5 0 0 0 0 0 0 0 1 1 1 1 1 1 3 
82     11276     6       48         4 0 0 0 0 1 1 1 2 1 1 0 1 0 2 
83     11276     6       12         3 0 1 1 1 1 1 1 1 1 0 0 0 0 3 
84     11276     6       48         4 0 0 0 0 1 1 1 2 1 1 0 3 0 0 
85     11276     6       16         3 0 1 1 1 1 1 1 1 1 0 0 0 2 1 
86     11276     6       48         3 0 0 1 0 2 2 1 2 1 1 0 1 0 0 
87     11276     6       16         2 0 1 2 1 2 2 1 1 1 0 0 0 0 1 
88     11276     6       4          4 0 0 1 0 1 1 0 1 1 1 1 1 1 1 
89     11288     8       9          0 0 0 1 0 2 2 4 3 0 0 1 1 0 0 
90     11288     8       18         0 0 0 1 1 1 2 4 1 0 3 0 0 1 0 
91     11288     8       18         1 0 0 0 0 1 1 4 1 0 4 1 1 0 0 
92     11288     8       18         0 0 0 1 1 1 2 4 1 0 1 2 0 1 0 
93     11288     8       9          2 0 0 0 0 0 1 2 0 0 1 3 2 2 1 
94     11288     8       9          2 0 0 0 0 0 1 2 0 0 3 3 0 2 1 
95     11288     8       9          0 0 1 1 1 1 2 3 0 0 0 2 1 1 1 
96     11288     8       9          0 0 0 2 0 2 2 3 0 0 2 0 1 1 1 
97     11288     8       18         1 0 0 1 0 1 3 1 0 0 2 0 1 3 1 
98     11288     8       9          1 0 0 1 0 1 3 1 0 0 0 0 3 3 1 
99     11288     8       18         0 0 0 2 1 1 2 3 0 0 1 1 0 2 1 
100    11288     8       18         0 0 0 2 1 1 2 3 0 0 3 1 0 0 1 
101    11288     8       18         1 0 0 1 0 1 2 2 0 0 3 1 0 2 1 
102    11288     8       9          2 0 0 0 0 0 0 3 0 0 2 4 1 1 1 
103    11288     8       9          1 0 0 1 0 1 2 2 0 0 1 1 2 2 1 
104    11288     8       18         0 0 0 1 0 2 3 3 1 0 3 0 0 1 0 
105    11288     8       18         0 0 0 1 0 2 3 3 1 0 1 0 2 1 0 
106    11288     8       9          1 0 0 1 0 1 1 3 0 0 4 0 1 1 1 
107    11288     8       9          1 0 0 1 0 1 1 3 0 0 2 2 1 1 1 
108    11288     8       9          0 0 1 1 1 1 1 4 0 0 1 3 0 0 1 
109    11288     8       18         1 0 0 0 0 1 2 3 1 0 1 2 2 1 0 
110    11288     8       18         0 0 0 1 0 2 2 4 1 0 2 1 1 0 0 
111    11288     8       18         1 0 0 0 0 1 1 4 1 0 2 3 1 0 0 
112    11288     8       18         1 0 0 0 0 1 2 3 1 0 3 2 0 1 0 
113    11288     8       18         1 0 0 0 0 1 2 3 1 0 3 0 2 1 0 
114    11288     8       18         0 0 0 1 1 1 3 3 1 0 0 1 1 2 0 
115    11288     8       9          1 0 0 0 0 1 1 4 5 0 0 1 1 0 0 
116    11288     8       9          1 0 0 0 0 1 1 4 3 0 0 3 1 0 0 
117    11296     6       24         1 0 0 1 1 3 3 2 0 1 1 0 1 0 0 
118    11296     6       24         1 0 0 1 2 2 2 3 0 1 1 0 1 0 0 
119    11296     6       12         1 0 0 0 2 2 3 3 1 1 0 0 0 0 1 
120    11296     6       24         2 0 0 0 1 1 2 3 0 2 1 1 0 0 1 
121    11296     6       24         2 0 0 0 0 1 3 3 0 3 1 0 1 0 0 
122    11296     6       24         2 0 0 0 1 2 2 2 0 1 1 0 1 0 2 
123    11296     6       24         2 0 0 0 1 2 2 2 0 1 1 0 3 0 0 
124    11308     8       6          0 0 0 1 0 2 3 1 1 0 1 0 0 3 2 
125    11308     8       6          0 0 0 1 0 2 3 1 1 0 3 0 0 3 0 
126    11308     8       6          1 0 0 1 0 1 2 0 0 0 1 1 0 4 3 
127    11308     8       3          0 0 0 2 0 2 2 1 0 0 0 0 1 3 3 
128    11308     8       3          0 0 0 0 0 2 2 3 2 0 0 2 1 1 1 
129    11308     8       3          1 0 0 1 0 1 1 1 0 0 0 2 1 3 3 
130    11308     8       6          0 0 0 1 0 1 2 3 1 1 0 2 0 2 1 
131    11308     8       6          0 0 0 2 1 1 1 2 0 0 0 2 1 1 3 
132    11308     8       6          0 0 0 1 1 1 1 3 1 0 0 3 1 0 2 
133    11308     8       6          0 0 0 1 0 1 4 1 1 1 0 0 0 4 1 
134    11308     8       3          2 0 0 0 0 0 0 1 0 0 0 4 1 3 3 
135    11308     8       6          1 0 0 0 0 1 1 2 1 0 0 3 3 0 2 
136    11308     8       3          1 0 0 0 0 1 1 2 1 0 0 3 1 2 2 
137    11308     8       3          0 0 0 1 0 2 2 2 1 0 0 1 1 2 2 
138    11308     8       6          0 0 0 1 0 2 2 2 1 0 0 1 3 0 2 
139    11308     8       3          0 0 0 3 1 1 1 1 1 0 0 1 1 0 4 
140    11308     8       6          0 0 0 1 0 1 4 1 1 5 0 0 0 0 1 
141    11308     8       6          0 0 0 0 0 1 2 4 2 1 0 3 0 1 0 
142    11308     8       6          1 0 0 0 0 0 1 3 1 5 0 0 0 2 1 
143    11308     8       6          1 0 0 0 0 0 1 3 1 1 0 4 0 2 1 
144    11310     8       24         2 0 0 1 0 1 2 2 1 1 2 0 1 1 0 
145    11310     8       6          0 0 2 2 2 2 2 2 0 0 0 0 0 0 2 
146    11310     8       6          2 0 1 1 1 1 1 1 0 0 1 1 1 1 2 
147    11310     8       24         0 1 1 2 1 2 2 3 0 0 2 0 0 0 0 
148    11310     8       48         1 0 0 1 1 2 2 3 2 0 2 0 0 0 0 
149    11310     8       24         1 0 0 1 1 2 2 3 4 0 0 0 0 0 0 
150    11310     8       6          3 0 0 1 0 1 1 0 0 2 2 0 0 2 2 
151    11310     8       24         3 0 0 1 0 1 1 0 0 0 2 0 2 2 2 
152    11310     8       12         2 0 0 0 1 1 2 2 2 0 1 1 1 1 0 
153    11310     8       12         1 0 1 1 1 1 2 3 1 1 1 1 0 0 0 
154    11310     8       6          4 0 0 0 0 0 0 0 0 0 2 2 2 2 2 
155    11310     8       24         1 0 1 2 1 2 1 2 0 2 0 0 0 0 2 
156    11310     8       24         3 0 0 0 0 1 1 1 3 0 0 1 2 1 1 
157    11310     8       24         3 0 0 0 0 1 1 1 1 0 2 1 2 1 1 
158    11310     8       24         2 0 0 1 0 1 1 3 1 1 3 1 0 0 0 
159    11310     8       24         1 0 1 2 1 2 1 2 0 0 2 0 0 0 2 
160    11310     8       12         2 0 0 2 1 1 1 1 2 0 2 0 0 2 0 
161    11310     8       24         2 0 0 2 1 1 1 1 2 0 0 0 0 2 2 
162    11310     8       12         3 0 0 0 0 0 1 2 3 3 0 0 1 1 0 
163    11310     8       48         3 0 0 0 0 0 1 2 1 3 0 2 1 1 0 
164    11310     8       24         2 0 0 0 0 2 2 2 4 0 0 0 2 0 0 
165    11310     8       12         3 0 0 0 0 0 1 2 1 1 2 2 1 1 0 
166    11310     8       24         2 0 0 0 1 1 1 3 4 0 0 2 0 0 0 
167    11310     8       24         2 0 0 0 1 1 1 3 2 0 2 2 0 0 0 
168    11310     8       6          1 1 1 1 1 1 2 2 0 0 1 1 1 1 0 
169    11310     8       24         2 0 0 0 0 2 2 2 2 0 2 0 2 0 0 
170    11310     8       24         1 0 1 1 1 2 2 2 1 0 1 0 1 0 1 
171    11310     8       12         3 0 0 0 0 0 0 3 1 1 3 3 0 0 0 
172    11310     8       24         2 0 0 1 1 1 1 2 3 0 0 1 0 1 1 
173    11310     8       48         2 0 0 1 1 1 1 2 1 0 2 1 0 1 1 
174    11310     8       12         1 1 1 1 1 1 1 3 0 0 2 2 0 0 0 
175    11310     8       24         2 0 0 2 1 1 1 1 0 0 2 0 0 2 2 
176    11310     8       12         0 0 1 1 2 2 3 3 2 0 0 0 0 0 0 
177    11310     8       48         2 0 0 1 0 1 2 2 1 3 0 0 1 1 0 
178    11316     6       6          2 0 0 0 0 0 2 3 0 0 2 2 1 1 1 
179    11316     6       12         1 0 0 1 0 1 3 3 0 0 2 0 1 1 1 
180    11316     6       12         1 0 0 1 0 1 2 4 0 0 3 1 0 0 1 
181    11316     6       24         1 0 0 0 0 1 3 4 1 0 2 1 1 0 0 
182    11316     8       16         0 0 0 0 2 3 3 3 0 1 1 0 1 0 0 
183    11316     6       12         0 0 0 1 1 1 4 4 1 0 1 0 0 1 0 
184    11316     6       6          0 0 1 1 1 1 3 4 0 0 1 1 0 0 1 
185    11316     6       6          2 0 0 0 0 0 1 4 0 0 3 3 0 0 1 
186    11330     8       18         1 0 0 1 0 1 3 2 0 2 0 0 2 2 0 
187    11330     8       9          0 0 0 2 1 1 3 3 4 0 0 0 0 0 0 
188    11330     8       12         2 0 0 0 0 0 2 2 0 4 0 2 2 0 0 
189    11330     8       9          1 0 0 0 0 2 2 3 1 1 1 1 2 0 0 
190    11330     8       9          2 0 0 0 1 1 1 1 0 0 0 2 2 2 2 
191    11330     8       6          0 0 0 2 2 2 2 2 0 0 2 0 0 2 0 
192    11330     8       9          0 0 0 2 2 2 2 2 0 0 0 0 0 2 2 
193    11330     8       12         1 0 0 1 1 1 2 2 0 3 0 1 1 0 1 
194    11330     8       18         1 0 0 1 1 1 2 2 0 1 0 1 1 2 1 
195    11330     8       18         0 0 1 1 1 3 2 2 0 0 0 0 2 0 2 
196    11330     8       12         0 0 1 1 1 3 2 2 0 0 2 0 2 0 0 
197    11330     8       18         1 0 0 1 0 1 3 2 0 2 2 0 0 2 0 
198    11330     8       12         2 0 0 0 0 1 1 2 0 3 3 0 0 1 1 
199    11330     8       18         2 0 0 0 0 1 1 2 0 1 3 2 0 1 1 
200    11330     8       18         1 0 0 0 0 2 2 3 1 1 3 1 0 0 0 
201    11330     8       18         2 0 0 0 0 1 1 2 0 1 3 0 2 1 1 
202    11330     8       9          2 0 0 0 0 0 1 3 0 4 1 1 1 1 0 
203    11330     8       9          2 0 0 0 0 1 1 2 0 1 1 2 2 1 1 
204    11330     8       18         1 0 0 1 0 1 2 3 0 2 1 1 1 1 0 
205    11330     8       12         1 0 0 1 1 2 2 1 0 0 2 0 2 2 0 
206    11330     8       9          0 0 1 1 1 3 2 2 0 2 0 0 0 0 2 
207    11330     8       18         0 0 1 1 1 3 2 2 0 2 0 0 2 0 0 
208    11330     8       18         1 0 0 1 1 1 1 3 0 1 3 0 0 1 1 
209    11330     8       9          1 0 0 1 1 1 1 3 0 1 1 2 0 1 1 
210    11330     8       9          0 0 0 2 0 2 2 4 0 2 2 0 0 0 0 
211    11330     8       18         1 0 0 1 0 2 2 2 0 1 3 0 0 1 1 
212    11330     8       9          1 0 0 1 0 2 2 2 0 1 1 0 2 1 1 
213    11330     8       3          0 0 1 1 2 2 2 2 0 0 1 1 1 1 0 
214    11330     8       9          0 0 0 2 1 2 2 3 0 1 1 0 0 1 1 
215    11330     8       18         1 0 0 1 0 1 1 4 0 2 4 0 0 0 0 
216    11330     8       9          1 0 0 1 0 1 1 4 0 2 2 2 0 0 0 
217    11330     8       9          2 0 0 0 0 0 0 4 0 2 2 4 0 0 0 
218    11330     8       9          0 0 1 1 1 1 2 4 0 4 0 0 0 0 0 
219    11330     8       18         2 0 0 0 0 0 1 3 0 2 1 3 1 1 0 
220    11330     8       18         1 0 0 1 0 1 3 2 0 4 2 0 0 0 0 
221    11330     8       24         1 0 0 1 0 1 3 2 0 4 0 0 2 0 0 
222    11330     8       9          1 0 0 0 1 2 2 2 1 0 0 1 2 1 1 
223    11330     8       18         1 0 0 1 0 1 3 2 0 4 0 0 0 2 0 
224    11330     8       18         0 0 1 1 1 1 2 4 0 2 0 2 0 0 0 
225    11330     8       18         0 0 0 2 1 1 3 3 0 2 0 0 0 2 0 
226    11330     8       18         1 0 0 1 0 1 3 2 0 2 2 0 2 0 0 
227    11330     8       18         2 0 0 0 0 0 2 2 0 2 0 2 2 2 0 
228    11330     8       9          2 0 0 0 0 0 2 2 0 4 0 0 2 2 0 
229    11330     8       12         0 0 0 2 1 1 3 3 0 4 0 0 0 0 0 
230    11330     8       18         0 0 0 2 1 1 3 3 2 0 0 0 0 2 0 
231    11330     8       9          1 0 0 0 1 1 2 3 1 3 0 0 1 1 0 
232    11330     8       18         1 0 0 0 1 1 2 3 1 1 0 2 1 1 0 
233    11330     8       18         0 0 1 1 1 2 2 3 0 1 0 1 1 0 1 
234    11330     8       9          1 0 0 0 1 1 1 4 1 1 1 3 0 0 0 
235    11330     8       9          2 0 0 0 0 0 2 2 0 4 0 2 0 2 0 
236    11330     8       9          0 0 0 1 1 2 2 4 1 1 1 1 0 0 0 
237    11330     8       9          0 0 0 1 2 2 2 3 1 0 0 1 0 1 1 
238    11330     8       9          1 0 0 1 1 2 2 1 0 0 0 0 2 2 2 
239    11330     8       9          0 0 0 0 1 3 3 3 2 0 0 0 2 0 0 
240    11330     8       18         1 0 0 1 1 2 2 1 0 0 2 0 0 2 2 
241    11330     8       18         0 0 0 1 1 2 3 3 1 1 0 0 1 1 0 
242    11330     8       9          0 0 0 0 2 2 2 4 2 0 0 2 0 0 0 
243    11330     8       9          1 0 0 1 1 2 2 1 0 0 2 0 2 0 2 
244    11330     8       3          2 0 0 0 1 1 1 1 0 0 2 2 2 2 0 
245    11336     6       3          2 0 0 0 0 0 0 3 0 0 0 4 1 1 3 
246    11336     6       3          0 0 0 1 0 2 2 4 1 0 0 1 3 0 0 
247    11336     6       6          0 0 0 1 0 2 5 1 1 0 1 0 0 3 0 
248    11336     6       6          1 0 0 0 0 1 1 4 1 0 0 3 1 0 2 
249    11336     6       3          1 0 0 0 0 0 1 5 1 1 0 4 0 0 1 
250    11336     6       3          1 0 0 1 0 1 1 3 0 0 0 2 1 1 3 
251    11336     6       3          1 0 0 0 0 1 1 4 1 0 0 3 3 0 0 
252    11336     6       3          1 0 0 1 0 1 4 0 0 0 1 1 0 4 1 
253    11336     6       3          1 0 0 0 0 0 1 5 1 5 0 0 0 0 1 
254    11336     6       3          0 0 0 2 1 1 1 4 0 0 0 2 1 1 1 
255    11336     6       3          0 0 0 1 1 1 1 5 1 0 0 3 1 0 0 
256    11336     6       3          0 0 0 2 0 2 2 3 0 0 0 0 1 1 3 
257    11336     6       3          0 0 0 1 0 1 2 5 1 1 0 2 0 0 1 
258    11336     6       6          0 0 0 1 0 2 2 4 1 0 0 1 1 0 2 
259    11338     6       48         3 0 0 1 0 1 2 1 0 2 1 1 1 1 0 
260    11338     6       48         3 0 0 1 0 1 1 2 0 2 4 0 0 0 0 
261    11338     6       24         3 0 0 1 0 1 1 2 0 2 2 2 0 0 0 
262    11338     6       24         3 0 0 1 0 1 1 2 0 2 2 0 2 0 0 
263    11338     6       48         3 0 0 1 0 1 1 2 0 2 2 0 0 0 2 
264    11338     6       24         3 0 0 0 1 1 1 2 1 1 1 3 0 0 0 
265    11338     6       24         3 0 0 0 0 1 2 2 3 0 1 0 1 0 1 
266    11338     6       24         3 0 0 0 0 1 2 2 1 2 1 0 1 0 1 
267    11338     6       24         3 0 0 0 0 0 2 3 1 3 1 1 0 0 0 
268    11338     6       12         0 1 1 2 2 3 3 2 0 0 0 0 0 0 0 
269    11338     6       48         1 0 1 2 1 2 3 2 0 2 0 0 0 0 0 
270    11338     6       24         2 0 1 1 1 2 1 2 0 1 1 0 0 1 1 
271    11338     6       12         2 0 1 1 1 1 2 2 0 4 0 0 0 0 0 
272    11338     6       48         2 0 1 1 1 1 2 2 0 2 0 0 0 2 0 
273    11338     6       12         2 0 1 1 1 1 2 2 0 2 0 0 0 0 2 
274    11338     6       12         2 0 0 2 1 2 2 1 0 1 1 0 0 1 1 
275    11338     6       24         2 0 0 2 1 1 1 3 0 2 2 0 0 0 0 
276    11338     6       24         2 0 0 2 0 2 2 2 0 2 2 0 0 0 0 
277    11338     6       24         2 0 0 1 1 2 3 1 1 1 0 0 1 1 0 
278    11338     6       24         2 0 0 1 1 2 2 2 1 1 1 1 0 0 0 
279    11338     6       12         3 0 0 1 1 1 1 1 0 1 1 0 2 1 1 
280    11338     6       12         4 0 0 0 0 0 1 1 0 2 1 1 1 1 2 
281    11338     6       24         4 0 0 0 0 0 0 2 0 2 2 4 0 0 0 
282    11338     6       24         4 0 0 0 0 0 0 2 0 2 2 2 0 0 2 
283    11338     6       24         3 0 0 1 1 1 1 1 0 1 1 0 0 1 3 
284    11338     6       12         1 0 0 1 2 3 3 2 2 0 0 0 0 0 0 
285    11338     6       12         3 0 0 1 0 2 2 0 0 1 1 0 2 1 1 
286    11338     6       12         1 1 1 1 1 1 3 3 0 2 0 0 0 0 0 
287    11338     6       12         1 1 1 1 2 2 2 2 0 0 0 0 0 0 2 
288    11338     6       48         2 0 0 2 1 1 1 3 2 0 2 0 0 0 0 
289    11338     6       24         3 0 0 0 1 1 1 2 1 1 1 1 0 0 2 
290    11338     6       12         2 0 0 0 1 1 3 3 2 2 0 0 0 0 0 
291    11338     6       12         2 0 0 0 2 2 2 2 2 0 0 0 0 0 2 
292    11338     6       12         4 0 0 0 0 0 1 1 0 4 1 1 1 1 0 
293    11338     6       48         4 0 0 0 0 0 1 1 0 2 1 1 1 3 0 
294    11338     6       12         2 0 0 0 1 1 3 3 4 0 0 0 0 0 0 
295    11338     6       24         3 0 0 1 0 1 3 0 0 2 0 0 2 2 0 
296    11350     8       6          1 0 0 1 0 1 1 2 0 0 4 0 0 2 2 
297    11350     8       3          1 0 0 1 0 1 1 2 0 0 4 0 2 2 0 
298    11350     8       6          1 0 0 1 0 1 1 2 0 0 4 2 0 2 0 
299    11350     8       6          1 0 0 1 0 1 2 1 0 0 1 1 1 3 2 
300    11350     8       3          1 0 0 1 0 1 2 1 0 0 1 1 3 3 0 
301    11350     8       6          1 0 0 1 0 1 2 1 0 0 3 1 1 3 0 
302    11350     8       6          1 0 0 1 0 1 3 0 0 0 0 0 2 4 2 
303    11350     8       3          1 0 0 1 0 1 3 0 0 0 0 0 4 4 0 
304    11350     8       6          0 0 0 2 1 1 2 2 0 0 1 1 1 3 0 
305    11350     8       6          1 0 0 1 0 1 3 0 0 0 2 0 2 4 0 
306    11350     8       6          1 0 0 1 0 1 3 0 0 2 0 0 0 4 2 
307    11350     8       3          0 0 0 2 1 1 2 2 0 0 1 1 1 1 2 
308    11350     8       3          2 0 0 0 0 0 1 1 0 0 1 3 3 3 0 
309    11350     8       3          2 0 0 0 0 0 1 1 0 0 1 3 1 3 2 
310    11350     8       6          0 0 0 0 0 2 2 4 2 0 2 2 0 0 0 
311    11350     8       6          0 0 0 0 0 2 2 4 2 0 4 0 0 0 0 
312    11350     8       3          0 0 0 0 0 2 2 4 4 0 0 2 0 0 0 
313    11350     8       3          0 0 0 0 0 2 2 4 6 0 0 0 0 0 0 
314    11350     8       3          0 0 0 0 0 2 3 3 2 0 1 1 1 1 0 
315    11350     8       3          1 0 0 1 0 2 2 0 0 1 1 0 0 3 3 
316    11350     8       6          0 0 0 2 1 1 1 3 4 0 0 0 0 0 2 
317    11350     8       6          0 0 0 2 1 1 1 3 2 0 0 2 0 0 2 
318    11350     8       6          0 0 0 2 1 1 1 3 0 0 4 2 0 0 0 
319    11350     8       3          2 0 0 0 0 0 0 2 0 0 4 4 0 2 0 
320    11350     8       3          2 0 0 0 0 0 0 2 0 0 2 4 2 2 0 
321    11350     8       6          2 0 0 0 0 0 0 2 0 0 2 4 0 2 2 
322    11350     8       3          0 0 0 0 1 1 3 3 2 0 0 2 0 2 0 
323    11350     8       3          0 0 0 0 1 1 3 3 2 0 0 2 2 0 0 
324    11350     8       6          0 0 0 2 1 1 1 3 0 0 4 0 0 0 2 
325    11350     8       6          0 0 0 2 1 1 1 3 0 0 2 2 0 2 0 
326    11350     8       6          0 0 0 2 1 1 1 3 0 0 2 2 0 0 2 
327    11350     8       6          0 0 0 2 0 2 2 2 0 0 4 0 0 2 0 
328    11350     8       3          0 0 0 2 0 2 2 2 0 0 2 0 2 2 0 
329    11350     8       6          0 0 0 2 0 2 2 2 0 0 2 0 0 2 2 
330    11350     8       6          0 0 0 1 0 1 3 3 1 1 1 1 0 2 0 
331    11350     8       6          0 0 0 1 0 1 4 2 1 1 0 0 1 3 0 
332    11350     8       6          0 0 0 1 0 2 2 3 1 0 2 1 0 1 1 
333    11350     8       3          0 0 0 1 0 2 2 3 3 0 0 1 0 1 1 
334    11350     8       6          0 0 0 1 0 2 3 2 1 0 1 0 1 2 1 
335    11350     8       6          0 0 0 1 0 2 3 2 1 0 1 0 3 0 1 
336    11350     8       6          0 0 0 1 1 1 2 3 1 0 1 2 1 0 1 
337    11350     8       6          0 0 0 1 1 1 2 3 1 0 3 0 1 0 1 
338    11350     8       3          0 0 1 1 1 1 2 2 0 0 0 2 2 2 0 
339    11350     8       3          0 0 1 1 1 1 1 3 0 0 1 3 1 1 0 
340    11350     8       6          1 0 0 0 0 0 2 3 1 1 1 3 0 2 0 
341    11350     8       3          0 0 0 4 1 1 1 1 0 0 2 0 0 4 0 
342    11350     8       6          0 0 0 4 1 1 1 1 0 0 0 0 0 2 4 
343    11350     8       6          1 0 0 0 0 1 1 3 1 0 2 3 0 1 1 
344    11350     8       6          1 0 0 0 0 1 1 3 1 0 4 1 0 1 1 
345    11350     8       3          1 0 0 0 0 1 1 3 3 0 0 3 0 1 1 
346    11350     8       3          1 0 0 0 0 1 1 3 5 0 0 1 0 1 1 
347    11350     8       6          0 0 0 2 1 1 1 3 0 0 4 0 0 2 0 
348    11350     8       6          0 0 0 3 1 1 1 2 1 0 0 1 0 1 3 
349    11350     8       3          1 0 0 0 0 1 2 2 1 0 1 2 1 2 1 
350    11350     8       6          1 0 0 0 0 1 2 2 1 0 1 2 3 0 1 
351    11350     8       3          1 0 0 0 0 1 2 2 1 0 3 0 3 0 1 
352    11350     8       3          0 0 1 1 1 1 2 2 0 0 0 2 0 2 2 
353    11350     8       6          1 0 0 1 0 1 1 2 0 0 2 2 0 2 2 
354    11350     8       3          1 0 0 1 0 1 1 2 0 0 2 2 2 2 0 
355    11356     8       9          0 0 0 0 0 1 1 5 0 1 1 4 1 0 0 
356    11356     8       18         0 0 0 0 0 1 1 5 0 1 5 0 1 0 0 
357    11356     8       9          0 0 0 0 1 1 1 4 0 0 0 4 1 1 1 
358    11356     8       18         0 0 0 0 0 1 2 4 0 1 0 3 2 1 0 
359    11356     8       9          0 0 0 0 0 2 2 3 0 0 0 2 3 1 1 
360    11358     6       18         0 0 1 1 2 2 3 3 0 0 0 0 0 2 0 
361    11358     6       18         0 0 0 2 2 2 2 4 0 0 2 0 0 0 0 
362    11358     6       18         1 0 0 1 1 2 3 2 0 0 1 1 1 1 0 
363    11358     6       18         1 0 0 1 1 2 2 3 0 0 2 0 0 2 0 
364    11358     6       12         1 0 0 0 1 2 3 3 1 0 1 0 1 0 1 
365    11358     6       24         0 0 1 1 1 3 2 4 0 2 0 0 0 0 0 
366    11358     6       18         2 0 0 0 0 0 2 4 0 4 0 2 0 0 0 
367    11358     6       6          2 0 0 0 0 0 3 3 0 2 1 1 1 1 0 
368    11358     6       24         1 0 0 1 1 2 2 3 0 0 2 0 0 0 2 
369    11358     6       12         1 0 0 1 0 3 3 2 0 2 2 0 0 0 0 
370    11358     6       18         1 0 0 1 1 2 2 3 0 0 2 2 0 0 0 
371    11358     6       6          0 0 1 1 2 2 3 3 0 0 0 0 0 0 2 
372    11358     6       18         0 0 0 2 1 3 3 3 0 0 2 0 0 0 0 
373    11358     6       18         2 0 0 0 1 1 2 2 0 0 1 1 1 3 0 
374    11358     6       6          0 0 0 0 2 2 4 4 2 0 0 0 0 0 0 
375    11358     6       18         2 0 0 0 1 1 1 3 0 0 2 4 0 0 0 
376    11358     6       24         2 0 0 0 0 1 2 3 0 1 2 1 1 0 1 
377    11358     6       18         2 0 0 0 1 1 1 3 0 0 2 2 0 2 0 
378    11358     6       12         2 0 0 0 1 1 1 3 0 0 2 2 0 0 2 
379    11358     6       18         2 0 0 0 0 1 2 3 0 3 0 1 1 0 1 
380    11358     6       6          2 0 0 0 1 1 2 2 0 0 1 1 1 1 2 
381    11358     6       12         1 0 0 1 1 1 3 3 0 1 1 0 0 1 1 
382    11358     6       12         2 0 0 0 0 2 2 2 0 0 2 0 2 0 2 
383    11358     6       6          1 0 0 1 1 3 3 1 0 1 1 0 0 1 1 
384    11358     6       18         1 0 0 1 1 2 4 1 0 0 0 0 2 2 0 
385    11358     6       12         1 0 0 1 1 2 4 1 0 2 0 0 0 2 0 
386    11358     6       12         2 0 0 0 0 0 2 4 0 2 2 2 0 0 0 
387    11358     6       24         1 0 0 1 0 1 3 4 0 2 2 0 0 0 0 
388    11358     6       18         1 0 0 1 0 3 3 2 0 0 2 0 2 0 0 
389    11358     6       18         1 0 0 1 0 1 3 4 0 4 0 0 0 0 0 
390    11358     6       18         1 0 0 1 1 2 2 3 0 0 2 0 2 0 0 
391    11358     6       18         1 0 0 1 1 2 2 3 0 0 4 0 0 0 0 
392    11358     6       18         2 0 0 0 0 2 2 2 0 0 2 0 2 2 0 
393    11358     6       6          0 0 1 1 1 1 4 4 0 2 0 0 0 0 0 
394    11358     6       18         2 0 0 0 0 2 2 2 0 0 2 0 4 0 0 
395    11358     6       18         0 0 1 1 1 3 2 4 0 0 2 0 0 0 0 
396    11358     6       12         1 0 0 0 1 1 3 4 1 1 1 1 0 0 0 
397    11366     6       24         4 0 0 0 1 1 1 1 2 0 0 0 0 2 2 
398    11366     6       6          4 0 0 0 1 1 1 1 2 0 0 2 2 0 0 
399    11366     6       12         4 0 0 0 1 1 1 1 4 0 0 0 0 0 2 
400    11366     6       24         4 0 0 1 0 1 1 1 1 1 1 1 0 0 2 
401    11366     6       24         4 0 0 1 0 1 1 1 1 1 3 1 0 0 0 
402    11366     6       12         4 0 0 1 0 1 2 0 1 1 0 0 1 1 2 
403    11366     6       24         4 0 0 1 0 1 2 0 1 1 0 0 1 3 0 
404    11366     6       12         2 1 1 2 1 2 2 1 0 0 0 0 0 0 2 
405    11366     6       24         2 0 1 1 1 3 2 2 2 0 0 0 0 0 0 
406    11366     6       6          5 0 0 0 0 0 0 1 1 1 1 1 0 2 2 
407    11366     6       24         5 0 0 0 0 0 0 1 1 1 1 3 0 0 2 
408    11366     6       24         3 0 0 1 0 1 3 2 2 2 0 0 0 0 0 
409    11366     6       6          2 0 0 2 2 2 2 2 2 0 0 0 0 0 0 
410    11366     6       6          1 1 1 3 2 2 2 2 0 0 0 0 0 0 0 
411    11366     6       12         5 0 0 0 0 0 0 1 1 1 3 3 0 0 0 
412    11366     6       48         3 0 0 1 1 2 2 1 2 0 0 0 0 0 2 
413    11366     6       12         3 0 0 1 1 2 2 1 4 0 0 0 0 0 0 
414    11366     6       24         3 0 0 2 1 1 1 2 1 1 1 1 0 0 0 
415    11366     6       6          3 0 0 3 1 1 1 1 0 1 1 0 0 1 1 
416    11366     6       12         3 0 1 1 1 1 1 2 1 1 0 0 1 1 0 
417    11366     6       6          3 1 1 1 1 1 1 1 0 0 0 0 0 2 2 
418    11366     6       12         3 0 0 1 1 2 2 1 2 0 0 0 2 0 0 
419    11366     6       24         4 0 0 0 0 0 2 2 2 2 0 0 0 2 0 
420    11366     6       12         4 0 0 0 0 0 2 2 2 4 0 0 0 0 0 
421    11366     6       24         4 0 0 0 0 1 1 2 2 1 1 0 0 1 1 
422    11372     8       9          3 0 0 0 0 0 1 1 1 1 0 2 2 2 1 
423    11372     8       9          3 0 0 0 0 0 1 1 3 3 0 0 0 2 1 
424    11372     8       12         3 0 0 0 0 0 1 1 1 3 0 2 2 0 1 
425    11372     8       9          3 0 0 0 0 0 1 1 1 3 0 2 0 2 1 
426    11372     8       9          3 0 0 0 0 0 1 1 1 3 0 0 2 2 1 
427    11372     8       6          2 0 0 1 1 1 1 1 1 0 2 1 1 2 0 
428    11372     8       3          3 0 0 0 0 0 0 2 1 1 1 3 1 1 1 
429    11372     8       9          2 0 0 1 1 1 1 1 3 0 0 1 1 0 2 
430    11372     8       9          2 0 0 1 1 1 1 1 1 0 0 1 1 2 2 
431    11372     8       18         1 0 0 1 1 1 2 3 2 1 0 1 0 1 0 
432    11372     8       12         1 0 0 2 1 1 2 2 1 3 0 0 0 0 1 
433    11372     8       3          0 1 1 2 1 2 2 2 0 0 0 0 1 1 1 
434    11372     8       3          2 0 0 1 0 1 1 2 1 1 1 1 1 1 1 
435    11372     8       9          1 0 0 0 1 2 2 3 3 0 0 1 1 0 0 
436    11372     8       6          0 0 1 2 2 2 2 2 1 0 1 0 0 1 0 
437    11372     8       9          2 0 0 1 0 1 2 1 1 1 0 0 2 2 1 
438    11372     8       9          2 0 0 0 0 1 1 3 2 1 1 2 1 0 0 
439    11372     8       9          1 0 1 1 1 1 1 3 1 1 0 2 0 0 1 
440    11372     8       9          1 0 0 1 0 2 2 3 2 1 1 0 1 0 0 
441    11372     8       9          2 0 0 0 1 1 1 2 2 0 0 2 1 1 1 
442    11372     8       18         2 0 0 1 0 1 2 1 1 1 2 0 0 2 1 
443    11372     8       9          1 0 1 1 1 1 1 3 1 3 0 0 0 0 1 
444    11372     8       12         1 0 1 1 1 2 1 2 1 0 2 1 1 0 0 
445    11372     8       18         2 0 0 1 0 1 2 1 1 3 0 0 0 2 1 
446    11372     8       24         2 0 0 1 0 1 2 1 1 3 0 0 2 0 1 
447    11372     8       18         2 0 0 1 0 1 2 1 1 3 2 0 0 0 1 
448    11372     8       3          2 0 0 0 1 1 1 2 4 0 0 0 1 1 1 
449    11372     8       9          2 0 0 1 0 1 2 1 3 3 0 0 0 0 1 
450    11372     8       9          0 1 1 1 1 2 2 3 1 0 0 1 1 0 0 
451    11372     8       9          1 0 1 1 1 2 1 2 3 0 0 1 1 0 0 
452    11372     8       18         1 0 1 1 1 2 1 2 1 0 0 1 1 0 2 
453    11372     8       3          1 1 1 1 1 1 1 2 0 0 0 2 1 1 1 
454    11372     8       9          2 0 0 0 0 1 1 3 4 1 1 0 1 0 0 
455    11372     8       9          1 0 0 1 1 2 2 2 2 0 0 0 1 1 1 
456    11372     8       9          1 0 0 2 1 1 2 2 3 1 0 0 0 0 1 
457    11372     8       18         1 0 0 2 1 1 2 2 1 1 0 0 0 2 1 
458    11372     8       18         2 0 0 0 0 1 1 3 2 1 3 0 1 0 0 
459    11372     8       9          0 0 1 2 1 2 2 3 1 1 0 0 0 0 1 
460    11372     8       18         2 0 0 0 0 1 2 2 2 1 0 1 2 1 0 
461    11372     8       9          2 0 0 0 0 1 2 2 2 3 0 1 0 1 0 
462    11372     8       12         2 0 0 0 0 1 2 2 4 1 0 1 0 1 0 
463    11376     8       3          0 0 0 0 0 1 2 2 0 1 0 3 0 3 2 
464    11378     6       3          0 0 1 1 1 1 2 4 0 0 0 2 0 0 2 
465    11378     6       6          0 0 0 2 0 2 4 2 0 0 2 0 0 2 0 
466    11378     6       3          1 0 0 1 0 1 2 3 0 0 1 1 1 1 2 
467    11378     6       6          0 0 0 2 0 2 2 4 0 0 2 0 0 2 0 
468    11378     6       6          1 0 0 1 0 1 2 3 0 0 1 1 1 3 0 
469    11378     6       6          2 0 0 0 0 0 2 2 0 0 0 2 2 4 0 
470    11378     6       3          0 0 0 2 0 2 2 4 0 0 2 0 0 0 2 
471    11378     6       3          0 0 0 2 1 1 1 5 4 0 0 0 0 0 0 
472    11378     6       6          0 0 0 1 1 1 3 4 1 0 0 1 0 1 1 
473    11378     6       3          1 0 0 1 0 1 3 2 0 0 0 0 2 2 2 
474    11378     6       6          1 0 0 1 0 1 3 2 0 0 0 0 2 4 0 
475    11378     6       6          1 0 0 1 0 1 3 2 0 0 2 0 0 2 2 
476    11378     6       6          1 0 0 1 0 1 3 2 0 0 2 2 0 2 0 
477    11378     6       6          1 0 0 1 0 1 3 2 0 0 4 0 0 2 0 
478    11378     6       6          1 0 0 0 0 1 3 3 1 0 0 1 2 1 1 
479    11378     6       3          0 0 0 1 0 1 4 4 1 1 0 0 1 1 0 
480    11378     6       3          0 0 0 1 0 1 3 5 1 1 1 1 0 0 0 
481    11378     6       6          1 0 0 0 0 1 2 4 1 0 3 0 1 0 1 
482    11378     6       6          0 0 1 1 1 1 2 4 0 0 0 2 0 2 0 
483    11378     6       6          0 0 0 2 1 1 1 5 0 0 4 0 0 0 0 
484    11378     6       6          2 0 0 0 0 0 1 3 0 0 1 3 1 3 0 
485    11378     6       3          2 0 0 0 0 0 1 3 0 0 1 3 1 1 2 
486    11378     6       6          0 0 0 2 1 1 1 5 0 0 2 2 0 0 0 
487    11378     6       3          2 0 0 0 0 0 2 2 0 0 0 2 2 2 2 
488    11378     6       3          0 0 0 2 1 1 1 5 2 0 0 2 0 0 0 
489    11378     6       6          1 0 0 1 0 1 5 0 0 0 0 0 2 4 0 
490    11378     6       3          1 0 0 1 0 1 5 0 0 2 0 0 0 4 0 
491    11378     6       6          0 0 0 0 0 2 4 4 2 0 0 0 2 0 0 
492    11378     6       6          0 0 0 0 1 1 3 5 2 0 0 2 0 0 0 
493    11378     6       3          1 0 0 0 0 0 3 4 1 1 0 2 1 1 0 
494    11378     6       3          1 0 0 0 0 0 2 5 1 1 1 3 0 0 0 
495    11378     8       12         0 0 0 0 2 2 3 3 0 0 1 1 1 1 0 
496    11378     6       6          2 0 0 0 0 0 0 4 0 0 2 4 0 2 0 
497    11378     8       24         0 0 0 0 2 2 2 4 0 0 2 2 0 0 0 
498    11378     6       6          0 0 0 1 0 2 3 4 1 0 1 0 1 0 1 
499    11378     6       3          2 0 0 0 0 0 0 4 0 0 2 4 0 0 2 
500    11378     6       6          0 0 0 2 1 1 3 3 0 0 0 0 2 2 0 
501    11378     6       3          1 0 0 1 0 1 1 4 0 0 2 2 0 0 2 
502    11378     6       6          1 0 0 1 0 1 1 4 0 0 2 2 0 2 0 
503    11378     8       24         0 0 0 0 1 3 3 3 0 0 2 0 2 0 0 
504    11378     6       3          1 0 0 1 0 1 1 4 0 0 4 0 0 0 2 
505    11378     6       3          1 0 0 1 0 2 4 0 0 1 1 0 0 3 1 
506    11378     6       6          1 0 0 1 0 1 1 4 0 0 4 0 0 2 0 
507    11378     6       3          0 0 0 3 1 1 1 4 1 0 0 1 0 1 1 
508    11378     6       6          0 0 0 2 1 1 3 3 0 0 0 0 0 4 0 
509    11378     6       3          1 0 0 1 0 3 3 0 0 0 2 0 0 2 2 
510    11378     6       3          0 0 0 4 1 1 1 3 0 0 0 0 0 2 2 
511    11378     6       6          0 0 0 4 1 1 1 3 2 0 0 0 0 0 2 
512    11378     6       6          0 0 0 2 1 1 3 3 0 0 0 0 0 2 2 
513    11378     6       6          1 0 0 0 0 1 2 4 1 0 1 2 1 0 1 
514    11378     6       6          0 0 0 2 1 1 2 4 0 0 1 1 1 1 0 
515    11378     6       6          1 0 0 1 0 1 4 1 0 0 1 1 1 3 0 
516    11386     6       3          2 0 0 0 2 2 2 2 0 0 0 2 2 0 0 
517    11386     6       18         2 0 0 0 1 1 3 3 0 2 0 0 0 2 0 
518    11386     6       9          2 0 0 0 1 2 2 3 0 1 1 0 0 1 1 
519    11386     6       9          0 0 1 1 2 4 3 3 0 0 0 0 0 0 0 
520    11386     6       9          2 0 0 0 0 2 2 4 0 2 2 0 0 0 0 
521    11386     6       6          2 0 0 0 1 1 3 3 0 4 0 0 0 0 0 
522    11386     6       18         1 0 0 1 1 2 4 3 0 2 0 0 0 0 0 
523    11386     6       9          2 0 0 0 2 2 2 2 0 0 0 0 0 2 2 
524    11386     6       3          0 0 0 2 3 3 3 3 0 0 0 0 0 0 0 
525    11386     6       6          1 0 0 1 2 3 3 2 0 0 0 0 2 0 0 
526    11386     6       18         1 0 0 1 2 3 3 2 0 0 0 0 0 0 2 
527    11392     8       6          1 0 0 1 1 1 1 2 0 1 3 2 1 0 0 
528    11392     8       6          0 0 1 1 1 2 1 3 0 3 1 0 1 0 0 
529    11392     8       6          2 0 0 0 0 0 1 2 0 2 1 3 0 2 1 
530    11392     8       6          2 0 0 0 0 0 1 2 0 2 1 3 2 0 1 
531    11392     8       6          2 0 0 0 0 0 1 2 0 4 1 1 0 2 1 
532    11392     8       6          2 0 0 0 0 0 1 2 0 4 1 3 0 0 1 
533    11392     8       1          2 0 0 0 0 1 1 1 0 1 1 2 1 2 2 
534    11392     8       6          2 0 0 0 0 1 1 1 0 1 1 2 3 0 2 
535    11392     8       3          2 0 0 0 0 1 1 1 0 1 3 0 3 0 2 
536    11392     8       6          2 0 0 0 0 1 1 1 0 1 3 0 3 2 0 
537    11392     8       1          0 0 0 0 0 3 3 3 2 1 1 0 1 0 0 
538    11392     8       3          0 0 0 0 1 2 3 3 2 1 0 1 0 1 0 
539    11392     8       6          0 0 0 1 0 2 3 3 1 2 1 0 0 1 0 
540    11392     8       6          0 0 0 1 0 2 3 3 3 0 1 0 0 1 0 
541    11392     8       3          0 0 0 1 1 1 3 3 1 2 0 1 1 0 0 
542    11392     8       3          0 0 0 1 1 1 3 3 3 0 0 1 1 0 0 
543    11392     8       6          0 0 0 1 1 2 3 2 1 1 0 0 0 2 1 
544    11392     8       6          0 0 0 1 1 2 3 2 1 1 0 0 2 0 1 
545    11392     8       6          0 0 0 1 1 2 3 2 1 3 0 0 0 0 1 
546    11392     8       3          0 0 0 1 2 2 2 2 1 0 0 1 1 0 2 
547    11392     8       6          0 0 0 2 1 1 2 3 0 2 1 1 0 0 1 
548    11392     8       6          0 0 0 2 1 1 2 3 2 0 1 1 0 0 1 
549    11392     8       6          0 0 0 2 1 2 2 2 0 1 1 0 1 0 2 
550    11392     8       6          0 0 0 2 1 2 2 2 0 1 3 0 1 0 0 
551    11392     8       3          0 0 0 3 1 1 2 2 1 0 1 0 0 1 2 
552    11392     8       6          0 0 0 3 1 1 2 2 1 0 1 0 0 3 0 
553    11392     8       6          0 0 1 1 1 2 1 3 0 1 1 2 1 0 0 
554    11392     8       6          0 0 1 1 1 2 1 3 0 1 3 0 1 0 0 
555    11392     8       3          0 0 1 1 1 2 2 2 0 1 0 1 0 1 2 
556    11392     8       6          0 0 1 1 1 2 2 2 0 1 0 1 2 1 0 
557    11392     8       6          1 0 0 0 0 1 2 3 1 2 1 2 0 1 0 
558    11392     8       6          1 0 0 0 0 1 2 3 1 2 3 0 0 1 0 
559    11392     8       6          1 0 0 0 0 1 2 3 1 4 1 0 0 1 0 
560    11392     8       6          1 0 0 0 0 1 2 3 3 0 1 2 0 1 0 
561    11392     8       6          1 0 0 0 0 1 2 3 3 0 3 0 0 1 0 
562    11392     8       6          1 0 0 0 0 1 2 3 5 0 1 0 0 1 0 
563    11392     8       1          1 0 0 0 0 2 2 2 1 1 1 1 1 1 1 
564    11392     8       3          1 0 0 0 1 1 2 2 1 1 0 2 0 2 1 
565    11392     8       3          1 0 0 0 1 1 2 2 1 1 0 2 2 0 1 
566    11392     8       6          1 0 0 0 1 1 2 2 1 3 0 0 0 2 1 
567    11392     8       6          1 0 0 1 0 1 2 2 0 2 1 1 0 2 1 
568    11392     8       6          1 0 0 1 0 1 2 2 0 2 1 1 2 0 1 
569    11392     8       6          1 0 0 1 0 1 2 2 0 4 1 1 0 0 1 
570    11392     8       6          1 0 0 1 0 1 3 1 0 2 0 0 1 3 1 
571    11392     8       6          1 0 0 1 0 1 3 1 0 2 0 0 3 1 1 
572    11392     8       6          1 0 0 1 0 1 3 1 0 4 0 0 1 1 1 
573    11392     8       3          1 0 0 1 0 2 2 1 0 1 1 0 1 2 2 
574    11392     8       6          1 0 0 1 0 2 2 1 0 1 1 0 3 0 2 
575    11392     8       6          1 0 0 1 0 2 2 1 0 1 3 0 1 2 0 
576    11392     8       6          1 0 0 1 0 2 2 1 0 1 3 0 3 0 0 
577    11392     8       3          1 0 0 1 0 2 2 1 0 3 3 0 1 0 0 
578    11392     8       6          1 0 0 1 1 1 1 2 0 1 1 2 1 0 2 
579    11392     8       6          1 0 0 1 1 1 1 2 0 1 3 0 1 0 2 
580    11392     8       6          1 0 0 1 1 1 1 2 0 1 3 0 1 2 0 
581    11398     8       18         0 0 0 0 0 2 2 4 0 0 2 2 2 0 0 
582    11398     8       18         0 0 0 0 1 1 1 5 0 0 2 4 0 0 0 
583    11398     8       18         0 0 0 0 0 2 3 3 0 0 1 1 3 1 0 
584    11398     8       18         0 0 0 0 0 2 2 4 0 0 4 0 2 0 0 
585    11398     8       18         0 0 0 0 1 1 2 4 0 0 1 3 1 1 0 
586    11398     8       18         0 0 0 0 0 2 2 4 0 0 4 2 0 0 0 
587    11398     8       18         0 0 0 0 1 1 3 3 0 0 0 2 2 2 0 
588    11400     6       9          4 0 0 0 0 0 0 1 0 0 2 2 1 3 1 
589    11400     6       18         1 0 0 2 1 2 3 2 1 0 1 0 0 1 0 
590    11400     6       9          4 0 0 0 0 0 0 1 0 0 2 4 1 1 1 
591    11400     6       12         1 0 1 1 1 3 1 3 1 1 0 0 0 0 1 
592    11400     6       9          3 0 0 1 0 1 1 1 0 0 4 0 1 1 1 
593    11400     6       12         2 0 0 1 1 1 2 2 1 0 1 0 0 1 2 
594    11400     6       18         2 0 0 1 1 1 2 2 1 0 1 0 0 3 0 
595    11400     6       12         2 0 0 2 1 1 1 2 2 0 0 0 1 1 1 
596    11400     6       6          3 0 0 1 0 1 2 0 0 2 1 1 0 2 1 
597    11400     6       9          1 0 1 2 1 2 2 2 0 0 1 1 0 0 1 
598    11400     6       6          2 0 1 1 1 1 1 2 0 0 1 1 0 0 3 
599    11400     6       18         3 0 0 0 0 1 1 2 1 0 2 3 1 0 0 
600    11400     6       18         2 0 0 1 0 1 2 3 1 3 0 0 0 0 1 
601    11400     6       12         2 0 0 1 0 1 2 3 1 1 2 0 0 0 1 
602    11400     6       9          1 0 1 2 1 2 3 1 0 0 0 0 1 1 1 
603    11400     6       9          3 0 0 1 0 1 2 0 0 0 1 1 2 2 1 
604    11400     6       18         2 0 0 2 1 1 1 2 0 0 2 0 1 1 1 
605    11400     6       18         3 0 0 0 0 0 1 3 1 3 0 2 0 0 1 
606    11400     6       18         2 0 0 1 1 1 2 2 1 0 1 0 2 1 0 
607    11400     6       12         3 0 0 1 0 1 1 1 0 0 2 0 1 1 3 
608    11400     6       9          2 0 0 2 0 2 2 1 0 0 2 0 1 1 1 
609    11400     6       9          3 0 0 1 0 1 1 1 0 0 2 2 1 1 1 
610    11400     6       12         2 0 0 1 1 1 1 3 3 0 0 1 1 0 0 
611    11400     6       18         2 0 0 1 1 1 1 3 1 0 2 1 1 0 0 
612    11400     6       18         1 0 1 1 1 2 2 3 1 0 1 0 0 1 0 
613    11400     6       6          3 0 0 0 0 0 1 3 1 1 2 2 0 0 1 
614    11400     6       6          3 0 0 0 0 0 1 3 3 3 0 0 0 0 1 
615    11400     6       3          3 0 0 0 0 0 2 2 1 1 1 1 1 1 1 
616    11400     6       24         3 0 0 0 0 1 1 2 1 0 2 1 1 0 2 
617    11400     6       12         2 0 0 0 0 1 3 3 2 1 1 0 1 0 0 
618    11400     6       18         3 0 0 0 0 1 1 2 1 0 2 1 1 2 0 
619    11400     6       9          2 0 1 1 1 1 1 2 0 0 1 3 0 0 1 
620    11400     6       9          3 0 0 0 0 1 1 2 5 0 0 1 1 0 0 
621    11400     6       18         2 0 0 1 0 2 3 1 3 0 1 0 0 1 0 
622    11400     6       18         3 0 0 0 0 1 1 2 1 0 2 1 3 0 0 
623    11400     6       9          2 0 1 1 1 1 1 2 0 0 1 1 0 2 1 
624    11400     6       18         3 0 0 0 0 1 1 2 1 0 4 1 1 0 0 
625    11400     6       24         2 0 0 1 0 2 3 1 1 2 1 0 0 1 0 
626    11400     6       18         2 0 0 1 0 2 3 1 1 0 1 0 2 1 0 
627    11400     6       9          2 0 0 1 0 2 2 2 3 0 0 1 1 0 0 
628    11400     6       18         3 0 0 0 0 1 1 2 3 0 0 1 1 0 2 
629    11400     6       12         3 0 0 0 0 1 1 2 3 0 0 1 3 0 0 
630    11400     6       9          3 0 0 0 0 1 1 2 3 0 0 3 1 0 0 
631    11400     6       12         2 0 0 0 1 1 2 3 2 0 1 1 0 0 1 
632    11400     6       6          1 1 1 1 1 1 2 3 0 0 1 1 0 0 1 
633    11400     6       3          1 0 1 1 1 1 3 3 1 1 0 0 0 0 1 
634    11400     6       18         3 0 0 1 0 1 1 1 0 0 2 0 1 3 1 
635    11400     6       18         2 0 0 1 0 2 2 2 1 0 2 1 1 0 0 
636    11400     6       6          4 0 0 0 0 0 0 1 0 0 2 2 1 1 3 
637    11406     6       12         0 0 0 0 2 2 4 4 0 2 0 0 0 0 0 
638    11406     6       3          2 0 0 0 0 0 2 4 0 0 2 2 0 2 0 
639    11406     6       3          2 0 0 0 0 0 2 4 0 0 2 4 0 0 0 
640    11406     6       3          0 0 1 1 1 1 4 4 0 0 0 0 0 2 0 
641    11406     6       3          2 0 0 0 0 0 3 3 0 0 1 1 1 3 0 
642    11406     6       3          1 0 0 1 0 1 5 2 0 0 0 0 2 2 0 
643    11406     6       3          1 0 0 1 0 1 4 3 0 0 1 1 1 1 0 
644    11406     6       3          1 0 0 1 0 1 3 4 0 0 4 0 0 0 0 
645    11406     6       3          1 0 0 1 0 1 3 4 0 0 2 2 0 0 0 
646    11406     6       6          1 0 0 1 0 1 3 4 0 0 2 0 0 2 0 
647    11406     6       6          0 0 0 2 1 1 3 5 0 0 2 0 0 0 0 
648    11406     6       3          0 0 0 2 0 2 4 4 0 0 2 0 0 0 0 
649    11406     6       12         0 0 0 0 3 3 3 3 0 0 0 0 0 0 2 
650    11418     8       6          0 0 0 0 0 1 2 3 0 1 0 3 1 2 1 
651    11418     8       6          0 0 0 0 0 0 2 4 0 2 0 4 0 2 0 
652    11418     8       6          0 0 0 0 1 1 1 3 0 0 0 4 2 0 2 
653    11418     8       6          0 0 0 0 0 2 2 2 0 0 0 2 4 0 2 
654    11418     8       3          0 0 0 0 1 1 1 3 0 0 0 4 0 2 2 
655    11418     8       6          0 0 0 0 0 1 2 3 0 1 0 3 3 0 1 
656    11418     8       6          0 0 0 0 0 0 2 4 0 6 0 0 0 2 0 
657    11418     8       3          0 0 0 0 0 2 2 2 0 0 0 2 2 2 2 
658    11418     8       6          0 0 0 0 0 0 2 4 0 2 0 4 2 0 0 
659    11418     8       6          0 0 0 0 0 1 1 4 0 1 5 0 0 1 1 
660    11418     8       3          0 0 0 0 0 1 1 4 0 1 1 4 0 1 1 
661    11420     6       3          1 0 0 1 0 2 2 3 0 1 1 0 3 0 0 
662    11420     6       6          1 0 0 1 0 1 3 3 0 2 0 0 1 1 1 
663    11420     6       6          0 0 0 1 1 2 3 4 1 1 0 0 0 0 1 
664    11420     6       6          1 0 0 1 0 2 2 3 0 1 1 0 1 0 2 
665    11420     6       6          2 0 0 0 0 0 1 4 0 2 1 3 0 0 1 
666    11420     6       3          2 0 0 0 0 0 1 4 0 4 1 1 0 0 1 
667    11420     6       3          1 0 0 0 1 2 2 3 1 0 0 1 3 0 0 
668    11420     6       6          1 0 0 0 1 2 2 3 1 0 0 1 1 0 2 
669    11420     6       3          1 0 0 0 1 1 2 4 1 3 0 0 0 0 1 
670    11420     6       6          1 0 0 0 1 1 2 4 1 1 0 2 0 0 1 
671    11420     6       6          1 0 0 0 0 2 3 3 1 1 0 0 2 0 1 
672    11420     6       6          1 0 0 0 0 1 3 4 3 0 0 1 1 0 0 
673    11420     6       6          2 0 0 0 0 0 2 3 0 2 0 2 1 1 1 
674    11420     6       3          2 0 0 0 0 0 2 3 0 4 0 0 1 1 1 
675    11420     6       6          1 0 0 1 0 1 2 4 0 2 1 1 0 0 1 
676    11420     6       6          1 0 0 0 0 1 3 4 1 2 0 1 1 0 0 
677    11420     6       6          0 0 0 3 1 1 2 4 1 0 1 0 0 1 0 
678    11420     6       3          0 0 0 2 2 2 2 3 0 0 0 0 1 1 1 
679    11420     6       6          2 0 0 0 0 1 2 2 0 1 0 1 2 1 2 
680    11420     6       6          2 0 0 0 0 1 2 2 0 1 0 1 2 3 0 
681    11420     6       6          2 0 0 0 0 1 2 2 0 1 0 1 4 1 0 
682    11420     6       6          1 0 0 1 1 1 2 3 0 1 0 1 0 1 2 
683    11420     6       6          0 0 0 2 1 2 4 2 0 1 1 0 1 0 0 
684    11420     6       6          2 0 0 0 0 1 1 3 0 1 3 0 3 0 0 
685    11420     6       6          2 0 0 0 0 1 2 2 0 3 0 1 0 3 0 
686    11420     6       3          0 0 0 2 1 2 2 4 0 1 1 0 1 0 0 
687    11420     6       6          1 0 0 1 1 1 1 4 0 1 3 0 1 0 0 
688    11420     6       3          1 0 0 1 1 1 1 4 0 1 1 2 1 0 0 
689    11420     6       6          0 0 1 1 1 3 2 3 0 0 0 0 1 1 1 
690    11420     6       3          2 0 0 0 0 1 2 2 0 5 0 1 0 1 0 
691    11420     6       3          2 0 0 0 0 1 1 3 0 1 1 2 3 0 0 
692    11420     6       6          1 0 0 1 0 3 3 1 0 0 2 0 1 1 1 
693    11420     6       6          2 0 0 0 1 1 1 2 0 0 0 2 1 1 3 
694    11420     6       3          2 0 0 0 1 1 1 2 0 0 0 2 3 1 1 
695    11420     6       6          1 0 0 1 0 2 4 1 0 3 1 0 1 0 0 
696    11420     6       3          0 0 0 1 2 2 2 4 1 0 0 1 1 0 0 
697    11420     6       6          0 0 0 1 1 3 4 2 1 0 1 0 0 1 0 
698    11420     6       6          1 0 0 1 0 2 4 1 0 1 1 0 3 0 0 
699    11420     6       6          1 0 0 1 0 2 4 1 0 1 1 0 1 2 0 
700    11420     6       3          1 0 0 1 1 2 3 1 0 0 1 1 2 0 1 
701    11420     6       6          1 0 0 1 1 2 3 1 0 0 1 1 0 2 1 
702    11420     6       6          0 0 1 1 1 3 1 4 0 0 1 1 0 0 1 
703    11420     6       6          0 0 1 1 1 2 2 4 0 1 0 1 0 1 0 
704    11420     6       6          2 0 0 0 0 1 1 3 0 1 3 0 1 0 2 
705    11420     6       6          2 0 0 0 0 1 1 3 0 1 1 2 1 0 2 
706    11420     6       3          1 0 0 1 1 2 2 2 0 0 0 0 3 1 1 
707    11420     6       6          1 0 0 1 1 2 2 2 0 0 0 0 1 1 3 
708    11420     6       6          1 0 0 1 0 2 3 2 0 3 0 1 0 1 0 
709    11420     6       6          1 0 0 1 0 2 3 2 0 1 2 1 0 1 0 
710    11420     6       6          2 0 0 0 0 1 1 3 0 1 3 0 1 2 0 
711    11420     6       6          1 0 0 1 1 1 2 3 0 1 0 1 2 1 0 
712    11420     6       6          1 0 0 1 1 1 2 3 0 1 0 1 0 3 0 
713    11426     6       6          0 0 0 0 1 1 4 4 0 0 1 1 1 1 0 
714    11426     6       12         0 0 0 0 1 1 3 5 0 0 2 2 0 0 0 
715    11426     6       12         0 0 0 0 0 2 4 4 0 0 2 0 2 0 0 
716    11428     6       12         3 0 0 1 0 2 2 1 0 1 1 0 3 0 0 
717    11428     6       18         3 0 0 1 0 2 2 1 0 1 3 0 1 0 0 
718    11428     6       18         3 0 0 1 1 1 1 2 0 1 1 0 1 0 2 
719    11428     6       12         3 0 0 1 1 1 1 2 0 1 1 2 1 0 0 
720    11428     6       18         3 0 0 1 1 1 1 2 0 1 3 0 1 0 0 
721    11428     6       18         2 0 0 1 1 2 3 2 1 1 0 0 0 0 1 
722    11428     6       3          2 0 0 1 2 2 2 2 1 0 0 1 1 0 0 
723    11428     6       12         2 0 0 2 1 2 2 2 0 1 1 0 1 0 0 
724    11428     6       6          3 0 0 0 1 1 2 2 1 3 0 0 0 0 1 
725    11428     6       18         3 0 0 0 1 1 2 2 1 1 0 0 0 2 1 
726    11428     6       18         3 0 0 0 0 1 2 3 3 0 1 0 0 1 0 
727    11428     6       18         3 0 0 0 0 1 2 3 1 2 1 0 0 1 0 
728    11428     6       9          2 0 0 3 1 1 2 2 1 0 1 0 0 1 0 
729    11428     6       9          2 0 1 1 1 2 2 2 0 1 0 1 0 1 0 
730    11428     6       18         4 0 0 0 0 0 1 2 0 2 1 1 0 2 1 
731    11428     6       18         4 0 0 0 0 0 1 2 0 2 1 3 0 0 1 
732    11428     6       9          4 0 0 0 0 1 1 1 0 1 1 0 1 2 2 
733    11428     6       18         4 0 0 0 0 1 1 1 0 1 1 0 3 0 2 
734    11428     6       12         4 0 0 0 0 1 1 1 0 1 1 2 3 0 0 
735    11428     6       9          4 0 0 0 0 1 1 1 0 1 3 0 3 0 0 
736    11428     6       18         2 0 1 1 1 2 1 3 0 1 1 0 1 0 0 
737    11428     6       18         3 0 0 1 0 1 2 2 0 2 1 1 0 0 1 
738    11428     6       18         3 0 0 1 0 1 3 1 0 2 0 0 1 1 1 
739    11428     6       12         4 0 0 0 0 0 1 2 0 4 1 1 0 0 1 
740    11428     6       18         3 0 0 1 0 2 2 1 0 1 1 0 1 0 2 
741    11434     8       3          0 0 1 2 1 2 1 3 1 1 1 1 0 0 0 
742    11434     8       3          0 0 1 2 1 2 2 2 1 1 0 0 1 1 0 
743    11434     8       3          2 0 0 0 0 1 1 2 4 1 1 0 0 1 1 
744    11434     8       1          3 0 0 0 0 0 0 1 1 3 3 3 0 0 0 
745    11434     8       6          1 0 0 1 1 2 2 1 4 0 0 0 0 0 2 
746    11434     8       6          2 0 0 1 0 1 1 1 1 1 3 1 0 2 0 
747    11434     8       6          2 0 0 0 0 1 1 2 2 1 3 0 0 1 1 
748    11434     8       3          2 0 0 0 0 1 1 2 2 1 1 2 0 1 1 
749    11434     8       3          2 0 0 1 0 1 1 1 1 3 3 1 0 0 0 
750    11434     8       1          0 1 1 1 1 2 2 2 1 0 0 1 0 1 1 
751    11434     8       3          0 1 1 2 1 2 2 1 0 0 0 0 0 2 2 
752    11434     8       3          2 0 0 0 0 0 2 2 2 2 0 2 0 2 0 
753    11434     8       3          0 0 1 1 1 3 2 2 2 0 0 0 0 0 2 
754    11434     8       6          1 0 0 1 1 2 2 1 2 0 0 0 2 0 2 
755    11434     8       6          0 0 1 1 1 3 2 2 2 0 0 0 2 0 0 
756    11434     8       3          0 0 1 1 1 3 2 2 4 0 0 0 0 0 0 
757    11434     8       3          1 0 0 1 1 2 2 1 2 0 0 0 0 2 2 
758    11434     8       1          1 1 1 1 1 1 1 1 0 0 0 2 0 2 2 
759    11434     8       6          2 0 0 1 0 1 2 0 1 1 0 0 1 3 2 
760    11434     8       6          2 0 0 0 0 0 2 2 2 4 0 0 0 2 0 
761    11434     8       3          3 0 0 0 0 0 0 1 1 1 3 3 0 2 0 
762    11434     8       3          1 0 1 1 1 1 1 2 1 3 0 0 1 1 0 
763    11434     8       3          2 0 0 1 0 1 2 0 1 1 0 0 3 3 0 
764    11434     8       3          1 0 0 0 0 2 2 3 3 1 1 1 0 0 0 
765    11434     8       1          1 0 0 0 1 2 2 2 3 0 0 1 0 1 1 
766    11434     8       3          0 0 0 2 2 2 2 2 2 0 0 0 0 0 2 
767    11434     8       3          1 0 0 1 1 1 2 2 2 1 0 1 1 0 1 
768    11434     8       6          1 0 0 2 1 1 1 2 1 1 1 1 0 0 2 
769    11434     8       3          1 0 1 1 1 1 1 2 1 1 0 2 1 1 0 
770    11434     8       6          1 0 0 1 0 1 3 2 2 2 0 0 0 2 0 
771    11434     8       6          1 0 0 1 0 1 3 2 2 4 0 0 0 0 0 
772    11434     8       6          1 0 0 2 1 1 1 2 1 1 3 1 0 0 0 
773    11434     8       3          1 0 0 3 1 1 1 1 0 1 1 0 0 1 3 
774    11434     8       3          1 0 0 1 0 2 2 2 2 1 1 0 0 1 1 
775    11434     8       1          2 0 0 0 1 1 1 1 2 0 0 2 0 2 2 
776    11434     8       3          0 0 0 2 1 1 3 3 2 2 0 0 0 0 0 
777    11434     8       3          3 0 0 0 0 0 0 1 1 1 1 3 0 2 2 
778    11434     8       3          2 0 0 0 1 1 1 1 4 0 0 0 0 2 2 
779    11434     8       3          2 0 0 0 1 1 1 1 2 0 0 2 2 0 2 
780    11434     8       1          0 0 0 0 1 3 3 3 4 0 0 0 0 0 0 
781    11434     8       3          1 0 0 1 1 2 2 1 2 0 2 0 0 2 0 
782    11434     8       3          2 0 0 1 0 1 1 1 1 1 1 1 0 2 2 
783    11440     8       9          0 0 0 0 1 2 2 4 0 1 1 2 1 0 0 
784    11440     8       18         0 0 0 0 1 2 2 4 0 1 3 0 1 0 0 
785    11440     8       9          0 0 0 0 2 2 2 3 0 0 0 2 1 1 1 
786    11440     8       9          0 0 0 0 1 2 3 3 0 3 0 1 0 1 0 
787    11440     8       9          0 0 0 0 0 3 3 3 0 1 1 0 3 0 0 
788    11440     8       18         0 0 0 0 1 2 3 3 0 1 0 1 2 1 0 
789    11446     6       6          0 0 0 0 0 0 2 6 0 2 0 4 0 0 0 
790    11446     6       3          0 0 0 0 1 1 1 5 0 0 0 4 2 0 0 
791    11446     6       6          0 0 0 0 0 1 2 5 0 1 0 3 1 0 1 
792    11446     6       3          0 0 0 0 0 0 2 6 0 6 0 0 0 0 0 
793    11446     6       6          0 0 0 0 1 1 1 5 0 0 0 4 0 0 2 
794    11446     6       3          0 0 0 0 0 2 2 4 0 0 0 2 4 0 0 
795    11446     6       6          0 0 0 0 0 2 2 4 0 0 0 2 2 0 2 
796    11448     6       6          1 0 0 1 1 2 4 2 0 0 0 0 1 1 1 
797    11448     6       6          2 0 0 0 1 1 2 3 0 0 1 1 0 2 1 
798    11448     6       6          2 0 0 0 1 1 2 3 0 0 1 3 0 0 1 
799    11448     6       6          1 0 0 1 0 2 4 3 0 1 1 0 1 0 0 
800    11448     6       6          1 0 0 1 1 2 3 3 0 0 1 1 0 0 1 
801    11448     6       6          2 0 0 0 0 2 2 3 0 0 2 0 1 1 1 
802    11448     6       6          2 0 0 0 0 1 3 3 0 1 1 0 3 0 0 
803    11448     6       6          2 0 0 0 0 1 3 3 0 1 1 0 1 2 0 
804    11448     6       6          2 0 0 0 0 1 2 4 0 3 0 1 0 1 0 
805    11448     6       6          1 0 0 1 1 1 3 4 0 1 1 0 1 0 0 
806    11448     6       6          2 0 0 0 0 1 2 4 0 1 2 1 0 1 0 
807    11448     6       6          1 0 0 0 1 2 3 4 1 0 1 0 0 1 0 
808    11456     6       6          3 0 1 1 1 1 1 3 1 1 0 0 0 0 1 
809    11456     6       9          3 0 1 1 1 2 1 2 1 0 0 1 1 0 0 
810    11456     6       1          3 1 1 1 1 1 1 2 0 0 0 0 1 1 1 
811    11456     6       9          3 0 0 2 1 1 2 2 1 1 0 0 0 0 1 
812    11456     6       12         4 0 0 0 0 1 1 3 2 1 1 0 1 0 0 
813    11456     6       9          4 0 0 0 0 1 2 2 2 1 0 1 0 1 0 
814    11456     6       4          4 0 0 0 1 1 1 2 2 0 0 0 1 1 1 
815    11456     6       18         4 0 0 1 0 1 2 1 1 1 0 0 0 2 1 
816    11456     6       12         4 0 0 1 0 1 2 1 1 1 2 0 0 0 1 
817    11456     6       18         4 0 0 1 0 1 2 1 1 3 0 0 0 0 1 
818    11456     6       9          4 0 0 1 1 1 1 1 1 0 0 1 1 0 2 
819    11456     6       3          4 0 0 1 1 1 1 1 3 0 0 1 1 0 0 
820    11456     6       1          5 0 0 0 0 0 0 2 1 1 1 1 1 1 1 
821    11456     6       6          5 0 0 0 0 0 1 1 1 1 0 0 2 2 1 
822    11456     6       9          5 0 0 0 0 0 1 1 1 1 0 2 0 2 1 
823    11456     6       18         5 0 0 0 0 0 1 1 1 3 0 0 0 2 1 
824    11456     6       3          5 0 0 0 0 0 1 1 3 3 0 0 0 0 1 
825    11460     8       6          0 0 0 0 0 1 2 4 0 1 2 3 0 1 0 
826    11460     8       6          0 0 0 0 0 2 2 3 0 0 2 2 1 1 1 
827    11460     8       6          0 0 0 0 1 1 2 3 0 0 1 3 2 0 1 
828    11460     8       6          0 0 0 0 0 1 2 4 0 5 0 1 0 1 0 
829    11460     8       6          0 0 0 0 0 1 3 3 0 1 1 2 3 0 0 
830    11460     8       6          0 0 0 0 1 1 2 3 0 0 1 3 0 2 1 
831    11460     8       6          0 0 0 0 0 1 2 4 0 3 0 3 0 1 0 
832    11460     8       3          0 0 0 0 0 1 3 3 0 1 1 2 1 2 0 
833    11460     8       6          0 0 0 0 0 1 2 4 0 1 4 1 0 1 0 
834    11460     8       6          0 0 0 0 0 2 2 3 0 0 4 0 1 1 1 
835    11460     8       3          0 0 0 0 0 1 3 3 0 1 3 0 3 0 0 
836    11462     6       6          1 0 0 1 0 3 3 2 2 0 2 0 0 0 0 
837    11462     6       3          1 0 0 1 0 1 3 4 2 2 0 0 0 0 0 
838    11462     6       3          2 0 0 0 0 0 2 4 2 2 0 2 0 0 0 
839    11462     6       3          2 0 0 0 0 0 2 4 2 4 0 0 0 0 0 
840    11462     6       6          1 0 0 2 1 1 2 3 1 1 0 0 1 1 0 
841    11462     6       3          1 0 0 2 1 2 3 1 1 0 1 0 1 0 1 
842    11462     6       3          0 1 1 2 1 2 4 1 0 0 0 0 0 2 0 
843    11462     6       3          1 0 0 2 1 1 1 4 1 1 1 1 0 0 0 
844    11462     6       3          1 0 0 1 1 2 4 1 4 0 0 0 0 0 0 
845    11462     6       3          1 0 0 1 1 2 4 1 2 0 0 0 2 0 0 
846    11462     6       6          1 0 0 1 1 2 4 1 2 0 0 0 0 2 0 
847    11462     6       3          1 0 0 3 1 1 1 3 0 1 1 0 0 1 1 
848    11462     6       3          1 0 0 3 1 2 2 1 0 0 2 0 0 0 2 
849    11462     6       1          0 0 2 2 2 2 2 2 0 0 0 0 0 2 0 
850    11462     6       6          0 0 1 3 1 3 2 2 0 2 0 0 0 0 0 
851    11462     6       3          0 0 1 3 1 3 2 2 0 0 2 0 0 0 0 
852    11462     6       3          1 0 0 3 1 2 2 1 0 0 2 0 0 2 0 
853    11462     6       6          1 0 0 3 1 2 2 1 2 0 0 0 0 0 2 
854    11462     6       6          0 0 1 1 1 3 2 4 2 0 0 0 0 0 0 
855    11462     6       6          2 0 0 0 0 1 2 3 2 1 0 1 1 0 1 
856    11462     6       3          0 0 0 2 2 2 2 4 2 0 0 0 0 0 0 
857    11462     6       6          2 0 0 0 0 2 2 2 2 0 0 0 2 0 2 
858    11462     6       3          2 0 0 0 0 2 2 2 2 0 0 0 4 0 0 
859    11462     6       3          2 0 0 0 0 2 2 2 4 0 0 0 0 0 2 
860    11462     6       1          2 0 0 0 0 2 2 2 6 0 0 0 0 0 0 
861    11462     6       6          2 0 0 0 1 1 1 3 2 0 0 2 0 0 2 
862    11462     6       3          2 0 0 0 1 1 1 3 2 0 0 2 2 0 0 
863    11462     6       3          2 0 0 0 1 1 1 3 4 0 0 0 0 0 2 
864    11462     6       3          4 0 0 0 0 0 0 0 0 0 0 2 2 2 4 
865    11462     6       3          1 0 0 1 1 2 2 3 2 0 0 0 2 0 0 
866    11462     6       1          4 0 0 0 0 0 0 0 0 0 2 2 2 4 0 
867    11462     6       3          2 0 0 1 0 1 1 3 1 1 1 1 0 0 2 
868    11462     6       3          2 0 0 1 0 1 2 2 1 1 0 0 1 1 2 
869    11462     6       6          2 0 0 1 0 1 2 2 1 1 0 0 1 3 0 
870    11462     6       6          1 0 0 1 1 2 2 3 2 0 0 0 0 0 2 
871    11462     6       6          2 0 0 1 0 1 3 1 1 1 1 1 0 2 0 
872    11462     6       6          1 0 1 1 1 2 1 3 1 0 0 1 0 1 1 
873    11462     6       6          2 0 0 1 0 1 3 1 1 3 1 1 0 0 0 
874    11462     6       3          2 0 0 1 0 1 4 0 1 1 0 0 1 3 0 
875    11462     6       6          2 0 0 1 0 2 2 1 1 0 2 1 0 1 1 
876    11462     6       3          2 0 0 1 0 2 2 1 3 0 0 1 0 1 1 
877    11462     6       3          1 0 1 2 1 2 1 2 0 0 0 0 0 0 4 
878    11462     6       3          2 0 0 1 0 2 3 0 1 0 1 0 1 2 1 
879    11462     6       3          2 0 0 1 0 2 3 0 1 0 1 0 3 0 1 
880    11462     6       6          1 0 1 2 1 2 1 2 0 0 0 0 0 2 2 
881    11462     6       6          2 0 0 1 1 1 1 2 1 0 0 1 0 1 3 
882    11462     6       3          1 0 1 2 1 2 1 2 0 0 2 0 0 2 0 
883    11462     6       3          2 0 0 1 1 1 1 2 1 0 0 1 2 1 1 
884    11462     6       3          2 0 0 2 0 2 2 0 0 0 2 0 0 2 2 
885    11462     6       1          2 0 0 2 0 2 2 0 0 0 2 0 2 2 0 
886    11462     6       6          2 0 0 2 1 1 1 1 0 0 0 0 0 2 4 
887    11462     6       1          1 0 1 2 1 2 1 2 0 0 4 0 0 0 0 
888    11462     6       3          2 0 0 2 1 1 1 1 0 0 0 0 2 2 2 
889    11462     6       1          1 0 1 2 1 2 2 1 0 0 1 1 1 1 0 
890    11462     6       3          2 0 0 2 1 1 1 1 0 0 2 0 0 4 0 
891    11462     6       3          2 0 0 2 1 1 1 1 0 0 2 0 2 2 0 
892    11462     6       6          2 0 0 2 1 1 1 1 2 0 0 0 2 0 2 
893    11462     6       3          2 0 0 2 1 1 1 1 4 0 0 0 0 0 2 
894    11462     6       3          0 1 1 2 1 2 2 3 0 0 0 0 0 0 2 
895    11462     6       1          2 0 1 1 1 1 1 1 0 0 1 1 1 3 0 
896    11462     6       3          3 0 0 0 0 0 0 3 1 1 1 3 0 0 2 
897    11462     6       3          3 0 0 0 0 0 1 2 1 1 0 2 1 1 2 
898    11462     6       6          3 0 0 0 0 0 1 2 1 1 0 2 1 3 0 
899    11462     6       3          3 0 0 0 0 0 1 2 1 3 0 0 1 1 2 
900    11462     6       6          3 0 0 0 0 0 1 2 1 3 0 0 1 3 0 
901    11462     6       6          3 0 0 0 0 1 1 1 1 0 0 1 2 1 3 
902    11462     6       3          3 0 0 0 0 1 1 1 1 0 0 1 4 1 1 
903    11462     6       3          1 1 1 1 1 1 1 3 0 0 0 2 0 0 2 
904    11462     6       3          3 0 0 0 0 1 1 1 3 0 0 1 0 1 3 
905    11462     6       1          3 0 0 0 0 1 1 1 5 0 0 1 0 1 1 
906    11462     6       3          3 0 0 1 0 1 1 0 0 0 0 0 2 2 4 
907    11462     6       6          3 0 0 1 0 1 1 0 0 0 2 0 0 2 4 
908    11462     6       3          3 0 0 1 0 1 1 0 0 0 2 0 2 4 0 
909    11462     6       3          3 0 0 1 0 1 1 0 0 0 2 2 0 2 2 
910    11462     6       1          3 0 0 1 0 1 1 0 0 0 2 2 2 2 0 
911    11462     6       3          1 0 0 1 0 3 3 2 4 0 0 0 0 0 0 
912    11466     8       9          0 0 0 0 0 0 1 5 0 0 1 5 1 1 0 
913    11466     8       9          0 0 0 0 0 0 0 6 0 0 2 6 0 0 0 
914    11466     8       9          0 0 0 0 0 0 2 4 0 0 0 4 2 2 0 
915    11468     6       12         0 0 0 0 1 2 4 4 0 1 1 0 1 0 0 
916    11468     6       12         0 0 0 0 2 2 3 4 0 0 1 1 0 0 1 
917    11476     6       1          2 0 0 0 2 2 2 3 0 0 0 0 1 1 1 
918    11476     6       3          2 0 0 0 1 2 2 4 0 1 1 0 1 0 0 
919    11486     8       3          0 0 0 0 0 0 2 2 0 0 0 4 0 4 2 
920    11488     6       6          0 0 0 0 0 1 3 5 0 1 3 0 1 0 0 
921    11488     6       6          0 0 0 0 0 1 3 5 0 1 1 2 1 0 0 
922    11488     6       6          0 0 0 0 0 2 3 4 0 0 3 1 0 0 1 
923    11488     6       6          0 0 0 0 0 2 3 4 0 0 1 1 2 0 1 
924    11488     6       6          0 0 0 0 1 1 2 5 0 0 1 3 0 0 1 
925    11488     6       6          0 0 0 0 0 1 4 4 0 1 0 1 2 1 0 
926    11488     6       6          0 0 0 0 1 1 3 4 0 0 0 2 1 1 1 
927    11490     6       3          3 0 0 1 0 1 1 2 0 0 2 2 0 0 2 
928    11490     6       6          3 0 0 1 0 1 1 2 0 0 2 2 0 2 0 
929    11490     6       3          3 0 0 1 0 1 1 2 0 0 4 0 0 0 2 
930    11490     6       6          3 0 0 1 0 1 1 2 0 0 4 0 0 2 0 
931    11490     6       6          3 0 0 0 0 1 1 3 1 0 2 1 0 1 1 
932    11490     6       3          2 0 0 2 0 2 2 2 0 0 2 0 0 0 2 
933    11490     6       3          4 0 0 0 0 0 1 1 0 0 1 3 1 3 0 
934    11490     6       6          2 0 0 2 1 1 1 3 0 0 2 2 0 0 0 
935    11490     6       3          4 0 0 0 0 0 1 1 0 0 1 1 1 3 2 
936    11490     6       3          3 0 0 1 0 1 2 1 0 0 1 1 1 1 2 
937    11490     6       6          3 0 0 1 0 1 2 1 0 0 1 1 1 3 0 
938    11490     6       6          2 0 0 0 1 1 3 3 2 0 0 0 0 2 0 
939    11490     6       3          3 0 0 1 0 1 3 0 0 0 0 0 2 2 2 
940    11490     6       6          3 0 0 1 0 1 3 0 0 0 0 0 2 4 0 
941    11490     6       3          3 0 0 1 0 1 3 0 0 2 0 0 0 2 2 
942    11490     6       3          3 0 0 1 0 1 3 0 0 2 0 0 0 4 0 
943    11490     6       3          2 0 0 4 1 1 1 1 0 0 0 0 0 2 2 
944    11490     6       6          2 0 0 2 1 1 1 3 0 0 2 0 0 0 2 
945    11490     6       3          2 0 0 2 1 1 2 2 0 0 1 1 1 1 0 
946    11490     6       3          3 0 0 1 0 2 2 0 0 1 1 0 0 1 3 
947    11490     6       6          2 0 0 2 0 2 2 2 0 0 2 0 0 2 0 
948    11490     6       3          4 0 0 0 0 0 0 2 0 0 2 4 0 0 2 
949    11490     6       3          2 0 0 3 1 1 1 2 1 0 0 1 0 1 1 
950    11490     6       6          2 0 0 1 1 1 2 3 1 0 1 0 1 0 1 
951    11490     6       6          2 0 0 1 0 2 3 2 1 0 1 0 1 0 1 
952    11490     6       3          2 0 0 1 0 1 4 2 1 1 0 0 1 1 0 
953    11490     6       3          2 0 0 1 0 1 3 3 1 1 1 1 0 0 0 
954    11490     6       3          3 0 0 0 0 0 2 3 1 1 1 1 0 2 0 
955    11490     6       3          3 0 0 0 0 0 2 3 1 1 1 3 0 0 0 
956    11490     6       3          2 0 1 1 1 1 2 2 0 0 0 0 0 2 2 
957    11490     6       6          1 0 0 3 1 2 2 3 0 0 2 0 0 0 0 
958    11490     6       3          1 0 0 3 1 2 2 3 2 0 0 0 0 0 0 
959    11490     6       3          2 0 0 2 1 1 1 3 4 0 0 0 0 0 0 
960    11490     6       3          2 0 1 1 1 1 2 2 0 0 0 2 0 2 0 
961    11490     6       6          4 0 0 0 0 0 0 2 0 0 2 4 0 2 0 
962    11490     6       3          4 0 0 0 0 0 0 2 0 0 2 2 0 2 2 
963    11490     6       6          3 0 0 0 0 1 2 2 1 0 1 0 3 0 1 
964    11490     6       6          1 0 1 2 1 2 1 4 0 2 0 0 0 0 0 
965    11490     6       6          3 0 0 0 0 1 2 2 1 0 1 0 1 2 1 
966    11490     6       3          1 0 1 2 1 2 3 2 0 0 0 0 0 0 2 
967    11490     6       6          1 0 1 2 1 2 3 2 0 0 0 0 0 2 0 
968    11490     6       3          1 1 1 1 1 1 3 3 0 0 0 0 0 2 0 
969    11490     6       6          2 0 0 0 0 2 2 4 2 0 2 0 0 0 0 
970    11490     6       3          2 0 0 2 1 1 1 3 2 0 0 2 0 0 0 
971    11490     6       6          2 0 0 2 1 1 1 3 2 0 0 0 0 0 2 
972    11490     6       6          2 0 0 2 1 1 1 3 0 0 4 0 0 0 0 
973    11490     6       6          3 0 0 1 0 1 1 2 0 0 2 0 0 2 2 
974    11490     6       3          0 0 1 3 2 2 3 3 0 0 0 0 0 0 0 
975    11490     6       3          0 1 1 2 1 2 4 3 0 0 0 0 0 0 0 
976    11490     6       6          1 0 0 1 1 2 4 3 2 0 0 0 0 0 0 
977    11502     8       3          0 0 0 0 1 1 3 3 0 2 0 2 2 0 0 
978    11502     8       6          0 0 0 0 1 1 3 3 0 4 0 0 0 2 0 
979    11502     8       1          0 0 0 0 2 2 2 2 0 0 0 2 0 2 2 
980    11502     8       3          0 0 0 0 1 1 3 3 0 2 0 2 0 2 0 
981    11502     8       3          0 0 0 0 0 2 3 3 0 2 1 1 1 1 0 
982    11502     8       3          0 0 0 0 0 2 2 4 0 2 2 2 0 0 0 
983    11502     8       3          0 0 0 0 2 2 2 2 0 0 0 2 2 0 2 
984    11502     8       3          0 0 0 0 1 2 2 3 0 1 1 2 0 1 1 
985    11502     8       6          0 0 0 0 1 2 2 3 0 1 3 0 0 1 1 
986    11502     8       6          0 0 0 0 0 2 2 4 0 2 4 0 0 0 0 
987    11518     6       3          4 0 0 0 0 0 1 3 0 2 1 1 1 1 0 
988    11518     6       3          4 0 0 0 0 0 2 2 0 2 0 0 2 2 0 
989    11518     6       3          4 0 0 0 0 0 2 2 0 2 0 2 2 0 0 
990    11518     6       6          4 0 0 0 0 0 2 2 0 4 0 0 0 2 0 
991    11518     6       3          3 0 0 1 0 1 1 4 0 2 2 0 0 0 0 
992    11518     6       6          2 0 1 1 1 3 2 2 0 0 0 0 2 0 0 
993    11518     6       3          4 0 0 0 0 1 1 2 0 1 1 0 2 1 1 
994    11518     6       6          4 0 0 0 0 1 1 2 0 1 3 0 0 1 1 
995    11518     6       6          3 0 0 1 0 1 3 2 0 2 0 0 2 0 0 
996    11518     6       1          4 0 0 0 1 1 1 1 0 0 0 0 2 2 2 
997    11518     6       3          4 0 0 0 1 1 1 1 0 0 0 2 2 0 2 
998    11518     6       6          3 0 0 1 0 1 3 2 0 4 0 0 0 0 0 
999    11518     6       3          2 0 1 1 1 3 2 2 0 2 0 0 0 0 0 
1000   11518     6       3          3 0 0 1 1 1 1 3 0 1 1 0 0 1 1 
1001   11518     6       3          1 0 1 2 2 3 2 3 0 0 0 0 0 0 0 
1002   11518     6       1          3 0 0 0 1 1 1 4 1 1 1 1 0 0 0 
1003   11518     6       3          3 0 0 1 1 1 2 2 0 1 0 1 1 0 1 
1004   11518     6       6          3 0 0 1 1 2 2 1 0 0 0 0 2 0 2 
1005   11518     6       3          3 0 0 0 1 1 2 3 1 1 0 0 1 1 0 
1006   11518     6       3          3 0 0 1 1 2 2 1 0 0 2 0 0 0 2 
1007   11518     6       3          3 0 0 1 1 2 2 1 0 0 2 0 0 2 0 
1008   11518     6       3          2 0 1 1 1 1 2 4 0 2 0 0 0 0 0 
1009   11518     6       3          2 0 0 2 2 2 2 2 0 0 0 0 0 0 2 
1010   11518     6       3          2 0 0 2 1 1 3 3 0 2 0 0 0 0 0 
1011   11518     6       1          2 0 0 0 2 2 2 4 2 0 0 0 0 0 0 
1012   11518     6       1          1 1 1 1 2 2 2 4 0 0 0 0 0 0 0 
1013   11518     6       1          4 0 0 0 0 0 0 4 0 2 2 2 0 0 0 
1014   11518     6       6          3 0 0 1 0 1 3 2 0 2 2 0 0 0 0 
1015   11528     8       6          0 0 0 0 0 0 1 4 0 0 1 5 0 2 1 
1016   11528     8       6          0 0 0 0 0 0 2 3 0 0 0 4 1 3 1 
1017   11530     6       6          0 0 0 0 2 2 2 4 0 0 0 2 0 0 2 
1018   11530     6       3          0 0 0 0 2 2 2 4 0 0 0 2 2 0 0 
1019   11530     6       6          0 0 0 0 1 3 3 3 0 0 0 0 2 0 2 
1020   11530     6       3          0 0 0 0 1 1 3 5 0 4 0 0 0 0 0 
1021   11530     6       3          0 0 0 0 1 3 3 3 0 0 0 0 4 0 0 
1022   11530     6       6          0 0 0 0 0 2 4 4 0 2 0 0 2 0 0 
1023   11530     6       6          0 0 0 0 1 1 3 5 0 2 0 2 0 0 0 
1024   11530     6       6          0 0 0 0 1 2 3 4 0 1 0 1 1 0 1 
1025   11546     6       3          4 0 0 0 0 2 2 2 2 0 0 0 2 0 0 
1026   11546     6       1          4 0 0 0 1 1 1 3 4 0 0 0 0 0 0 
1027   11546     6       3          5 0 0 0 0 0 1 2 1 3 0 0 1 1 0 
1028   11546     6       3          5 0 0 0 0 1 1 1 1 0 0 1 2 1 1 
1029   11546     6       1          5 0 0 1 0 1 1 0 0 0 0 0 2 2 2 
1030   11546     6       3          4 0 0 0 1 1 1 3 2 0 0 2 0 0 0 
1031   11546     6       3          5 0 0 1 0 1 1 0 0 0 2 0 0 2 2 
1032   11546     6       1          3 1 1 1 1 1 1 3 0 0 0 2 0 0 0 
1033   11546     6       1          6 0 0 0 0 0 0 0 0 0 0 2 2 2 2 
1034   11546     6       1          4 0 0 1 0 1 1 3 1 1 1 1 0 0 0 
1035   11546     6       3          4 0 0 1 0 1 2 2 1 1 0 0 1 1 0 
1036   11546     6       3          3 0 1 2 1 2 1 2 0 0 0 0 0 0 2 
1037   11546     6       3          4 0 0 1 1 1 1 2 1 0 0 1 0 1 1 
1038   11546     6       3          4 0 0 2 1 1 1 1 0 0 0 0 0 2 2 
1039   11546     6       3          4 0 0 2 1 1 1 1 2 0 0 0 0 0 2 
1040   11546     6       3          3 0 0 1 1 2 2 3 2 0 0 0 0 0 0 
1041   11546     6       1          5 0 0 0 0 0 0 3 1 1 1 3 0 0 0 
1042   11546     6       1          2 1 1 2 1 2 2 3 0 0 0 0 0 0 0 
1043   11546     6       3          5 0 0 0 0 0 1 2 1 1 0 2 1 1 0 
1044   11556     6       3          0 0 0 0 0 0 2 5 0 0 0 4 1 1 1 
1045   11556     6       3          0 0 0 0 0 0 1 6 0 0 1 5 0 0 1 
1046   11558     6       6          0 0 0 0 2 2 4 4 0 0 0 0 0 2 0 
1047   11558     6       6          0 0 0 0 1 3 3 5 0 0 2 0 0 0 0 
1048   11570     8       6          0 0 0 0 0 0 2 4 0 0 2 4 0 2 0 
1049   11570     8       3          0 0 0 0 0 0 3 3 0 0 1 3 1 3 0 
1050   11576     8       3          0 0 0 0 0 0 0 5 0 0 0 6 1 1 1 
1051   11586     6       1          0 0 0 0 3 3 3 5 0 0 0 0 0 0 0 
1052   11598     6       3          0 0 0 0 0 0 2 6 0 0 2 4 0 0 0 
1053   11598     6       3          0 0 0 0 0 0 4 4 0 0 0 2 2 2 0 
1054   11598     6       3          0 0 0 0 0 0 3 5 0 0 1 3 1 1 0 
1055   11638     8       3          0 0 0 0 0 0 0 4 0 0 0 6 0 2 2 
1056   11666     6       3          0 0 0 0 0 0 0 6 0 0 0 6 0 0 2 
